   1         "t+ah"    4   11.159675  14.252001  18.170099
   2         "t+aw"    2    9.345529  18.141075   8.974281
   3         "t+ay"    2    2.008373  12.308503   8.966243
   4       "f-uw+d"    1    2.236656  12.578747  16.287842
   5         "t+eh"    2    7.016247   6.438725  12.804358
   6         "t+er"    3    5.606786  42.378937  18.048433
   7         "t+ey"    1    5.481926  12.440863   4.069035
   8         "t+iy"    1    1.006543  15.991757   4.560299
   9         "t+ow"    3    7.129079  36.933712  12.997928
  10      "ao-r+ih"    1    5.943156   3.137598   1.002222
  11      "ao-r+iy"    1    3.924192   1.008870   1.067834
  12         "t+uh"    1    3.864189  12.012930   5.927451
  13         "t+uw"   38  103.574554 306.430603 235.831985
  14      "ah-w+ao"    1    3.976229  16.943270   1.154279
  15      "ah-w+ey"    2    1.999908  18.690912   5.254867
  16         "t-er"    8   31.901630 171.401398  56.181400
  17         "t-iy"    2    5.724853   6.824649  42.950401
  18      "th-p+ih"    1    2.431612  13.572845   2.005283
  19       "d-eh+k"    1    1.997643   1.001521   7.996173
  20       "d-eh+n"    3    9.199176  30.904369  10.275793
  21       "d-eh+p"    1    2.125488  12.960244   1.000034
  22      "sh-eh+r"    2    4.769061   2.111805  12.574679
  23         "t-uw"   44  178.580704 704.132080 319.680664
  24           "ah"   31   83.252823  99.669029 685.611023
  25           "ay"    5   33.711754  84.196693  73.036011
  26      "eh-d+ah"    1    2.526086   1.015748   1.075498
  27      "eh-d+ih"    1    3.992645   5.620107   1.036249
  28      "iy-d+er"    1    3.136710   2.764800   3.203649
  29           "sp" 1234  9723.726562
  30      "iy-d+ih"    1    3.838720   3.659418   2.468987
  31      "iy-d+iy"    2    7.509187   7.481308   5.041009
  32      "er-ah+s"    1    5.943582   0.999860   0.999810
  33       "uh-k+t"    3   11.217144  24.632406   8.149138
  34       "b-er+d"    1    4.432518  11.040420   7.768179
  35       "b-er+n"    1    1.997877  15.079220   3.768491
  36         "aw+t"    6   31.963461  74.425636  66.646614
  37         "aw-d"    1    3.894358   1.274640   1.773008
  38         "aw-n"    2    8.289497  19.683872   3.646793
  39         "aw-t"    8   35.035717  77.607719  19.326374
  40       "l-uh+k"    4   28.493893  44.039223  12.165764
  41      "jh-ih+n"    2    6.685274   2.119527  21.157898
  42       "g-ih+v"    2    4.945066   4.190619  27.692310
  43         "ay+d"    1    4.459045   5.683002  10.406013
  44         "ay+s"    3   31.736099  22.781862  29.828674
  45         "ay-d"    4   11.852250  13.130966  23.461357
  46         "ay-f"    4   21.275944  26.732479  25.850986
  47         "ay-k"    4   19.197834  23.488897  10.406031
  48         "ay-l"    1    1.658391  12.039170   8.130771
  49         "ay-m"    4   17.555449  29.134474  23.824995
  50         "ay-n"    5   25.030354  47.747158  22.403656
  51         "ay-s"    3   16.987251  20.655155  15.928866
  52         "ay-t"   10   42.872917 121.155960  16.553553
  53         "ay-v"    2   13.758844   2.014793  18.111744
  54         "ay-z"    2    8.818014  15.968088  10.983934
  55       "z-m+ah"    1    1.937456   3.722532   1.175704
  56      "k-ae+ch"    1    3.005415   1.517258  20.068245
  57      "ae-k+ch"    1    5.237996   1.652629   1.003166
  58       "l-w+ey"    1    1.000008   8.889421   5.149962
  59      "k-ae+sh"    1    1.214224   5.523231   1.055250
  60       "n-f+ah"    1    1.891154   1.017913   4.230504
  61       "n-f+eh"    1    1.376081   3.186664   2.819638
  62       "f-eh+l"    1    1.019783   1.000003   0.999956
  63       "f-eh+s"    1    2.098997   4.607123   3.381019
  64         "jh-d"    1    0.999908   1.003599   1.007075
  65      "ch-ae+n"    3    7.900526  10.097864  21.821138
  66     "ch-er+ch"    2    9.343582  36.966377  11.242468
  67       "r-n+ih"    2    3.555005  12.500718  17.090788
  68       "r-n+iy"    1    1.083433  38.832844   3.083646
  69       "k-s+ay"    1    1.694942  10.069449   2.983144
  70       "k-s+eh"    1    2.121888  10.109947   3.884589
  71       "g-aa+r"    1    1.187909   6.526284   1.042272
  72       "g-aa+s"    2    2.768751  11.859059   8.479967
  73       "g-aa+t"    2    4.377563   6.406952   6.138233
  74         "l+aa"    3   24.918844  19.987972   4.201506
  75         "l+ah"    2   27.909676  18.294594   2.422391
  76         "l+ao"    5   43.252106  16.247015  16.164660
  77         "l+aw"    1   13.505417   8.367802   1.923069
  78         "l+ay"   11   57.450348  53.622036  21.790663
  79         "l+eh"    4   32.644772  26.455606  14.114426
  80         "l+ey"    2    4.661294  36.103031   8.849165
  81       "d-er+d"    1    4.824140  13.997913   4.182280
  82       "d-er+f"    1    7.201907   6.785281   3.021368
  83         "l+ih"    2   24.201086   5.269508   6.533618
  84       "d-er+z"    1    3.068774  16.002949   5.824768
  85         "l+iy"    2   12.590097   5.839934  11.364033
  86      "sh-er+m"    1    5.204381   7.913628   3.696470
  87         "l+uh"    4   26.090588   4.972765  10.946723
  88      "aa-t+ah"    3   16.022438  14.317651   9.587455
  89      "r-ae+ng"    1    1.000038   1.120139   2.287130
  90      "r-ae+sh"    3    6.001991  13.957500  40.951820
  91         "l-ey"    2    6.634359  19.623484  44.794415
  92         "l-iy"   20   75.601089  86.298233 370.020966
  93         "l-ow"    1    3.549073  12.487045  25.896057
  94         "l-th"    1   13.624303   3.976694   3.942044
  95     "ah-dh+er"    3   15.342507  15.231309   5.773134
  96      "uw-ah+l"    1    0.999888   0.999887   1.000823
  97        "k-s+p"    3   15.567023  15.340758  11.837548
  98        "k-s+t"    1    1.433339   2.391872  11.044460
  99        "k-t+s"    1    1.033027   7.941911   2.225492
 100       "m-s+eh"    1    4.025934   8.957455   2.034642
 101      "ch-iy+t"    1    2.002593   1.498061  10.010637
 102      "jh-ah+n"    2    2.276879   2.053555  26.269688
 103      "jh-ah+s"    2    2.626549   6.939203  28.424873
 104        "th+ah"    2    9.993072   9.954871   7.627226
 105        "th+ao"    2    5.538495  21.132542   7.852274
 106        "th+ay"    1    1.001117  13.754394   5.766336
 107        "th+er"    1    1.024322   5.988811  23.994301
 108        "th+ih"    1    1.002077   7.392391   3.515578
 109      "ih-s+ah"    1    4.014810   8.904186   2.078385
 110      "ih-s+ay"    2   10.419989  16.159119   6.078727
 111      "ih-s+ih"    2    9.669051  18.663130   5.668160
 112      "er-aw+n"    4    7.745044  52.153160  56.626995
 113       "f-er+g"    1    8.065949   8.932422   3.289920
 114       "f-er+s"    1    5.006904   9.737695   4.819567
 115       "f-er+t"    1   12.933154  14.001723   7.253015
 116       "d-ey+l"    1    1.553717   6.629740  15.656196
 117       "d-ey+n"    2    4.073153   9.889710  28.113464
 118       "d-ey+z"    1    2.009169  15.176504  20.850815
 119     "ch-ah+ng"    1    1.011292   5.537097  19.441586
 120       "p-uh+t"    2    7.415051  24.001625  10.646976
 121        "th-ay"    1    7.956421  15.304516  14.993326
 122       "k-ih+d"    1    3.755388   1.087698  14.003479
 123      "eh-m+er"    3   14.043568  12.636240   4.070564
 124       "p-w+ao"    1    4.106271   7.218895   1.007510
 125      "iy-m+uw"    1    3.067113   1.007200   0.999955
 126     "ih-ng+er"    1    3.976411   8.666482   2.343638
 127         "d+aa"    3    9.021535  27.445190  10.491815
 128         "d+ae"    1    0.999970   1.015618   3.069274
 129         "d+ah"    3    5.999562  13.954470  10.050611
 130         "d+ao"    3    7.728045  36.353779   8.999311
 131         "d+aw"    1    1.002357   6.051222   4.983142
 132         "d+ay"    2    2.648796  15.640473  10.012855
 133         "d+eh"    5   12.588758  48.816120  14.724430
 134         "d+er"    1    1.109259   3.601517   4.913022
 135         "d+ey"    5   13.523387  35.104343  15.639817
 136         "d+ih"   14   40.072136 110.438194  39.794468
 137         "d+iy"    2    6.585608  22.091558   6.702914
 138         "d+uw"    6   17.735142  28.943108  30.843151
 139      "ah-g+eh"    3   36.874908  10.121703   7.195780
 140        "n-f+y"    1    2.732555  10.693621   3.403962
 141       "k-aa+m"    1    1.068605   6.678016   2.310544
 142       "k-aa+n"    2    6.395570   4.101601  12.430477
 143       "k-aa+r"    1    1.438261   7.891597  12.793068
 144      "er-l+iy"    3   11.959022  24.095537  12.864067
 145         "d-ah"    1    1.015203   1.044619  17.952318
 146        "n-g+r"    2    3.997806   2.022207   2.002079
 147       "f-ey+v"    1    4.889886   5.094772   6.011155
 148         "d-er"   10   49.254238 178.546097  82.954414
 149         "d-ey"    4   13.742236  69.790054  75.623299
 150         "d-iy"    7   21.144615  80.497520 106.397789
 151         "d-uw"    6   27.354139  97.402496  58.608707
 152      "ae-t+er"    1    4.460421   1.000157   4.538224
 153       "m-ih+l"    2    2.827936   5.964483  10.986853
 154       "m-ih+n"    1    1.000120   2.014556   6.006083
 155      "ae-t+ih"    1    4.299873   1.305526   4.076440
 156       "n-uw+d"    1    1.827316   4.544296   4.689624
 157         "sh-t"    2    3.765095  19.918653   6.696986
 158     "ow-hh+ih"    2   18.928932   2.192924   8.926055
 159       "k-ae+b"    1    1.806429   6.814221   3.175577
 160       "k-ae+n"    3   11.357295  15.027951  28.806747
 161       "k-ae+t"    1    1.131443   9.216183   9.759391
 162       "l-eh+d"    1    2.051157   1.000303  21.963648
 163       "l-eh+f"    2    4.267471  31.164749   2.113528
 164       "l-eh+s"    1    2.502235   5.914759   4.335634
 165       "l-eh+v"    1    3.947872  10.951192   1.015607
 166        "n-k+r"    2    5.862999   4.138104  16.132301
 167     "ae-sh+uw"    1    7.664163   9.302993   5.356512
 168      "ih-k+aa"    1    8.896812   4.816162   6.389248
 169      "ih-k+ao"    1    5.173967   7.232323   8.051673
 170       "m-aa+r"    1    5.687225   1.054333   8.610699
 171       "k-ah+d"    3    7.576040  12.814310  21.728014
 172       "k-ah+l"    3    4.952664   4.863976   7.011157
 173       "k-ah+m"    2    2.342155   5.363125  20.855570
 174       "k-ah+n"    5    9.399382  15.332107  29.662683
 175       "k-ah+s"    1    1.668219   1.298228  16.991096
 176       "k-ah+v"    1    1.371696   2.856802   2.033351
 177     "eh-zh+er"    1    1.009501  13.990302   5.627852
 178       "t-uh+r"    1    4.088840  17.865137   4.683823
 179      "p-ih+jh"    1    2.079103   1.941632   9.040006
 180        "jh+ah"    2   18.829391  11.104753   3.608490
 181        "jh+eh"    3   34.594204  15.789240   7.286761
 182        "jh+ih"    2   13.359892  10.510120   3.805961
 183       "p-uw+l"    1    0.999776   0.999776   0.999776
 184        "jh+uw"    1    1.828750   5.472067  11.230382
 185      "n-ch+ae"    2    6.079430  16.728792   8.189026
 186     "ey-zh+ah"    1    1.001907   1.000179  23.418619
 187      "n-ch+er"    2    2.121421  11.766613   9.225324
 188     "iy-ih+ng"    1    0.999876   0.999919   1.004527
 189        "jh-er"    1    4.421672  18.869640   8.099363
 190      "l-ao+ng"    2    7.378052   2.014977  30.725863
 191       "m-ae+n"    3    6.162277   8.413519  10.964731
 192       "m-ae+s"    1    1.054084   1.995234  14.947809
 193       "m-ae+t"    1    1.125031   1.938893   1.299621
 194       "t-w+ih"    1    3.546169   2.698768   3.311448
 195       "n-eh+k"    1    2.999456  13.243098   2.799406
 196       "n-eh+t"    1    3.003660  14.973551   1.024308
 197       "n-eh+v"    3    7.989520  18.869133   8.043852
 198      "aa-d+ah"    1    8.714447   3.912725   1.976324
 199      "aa-d+iy"    4   26.526005   9.149258   6.920413
 200      "er-d+er"    1    3.976530   6.321576   2.644573
 201      "er-d+ey"    2    5.147770   7.870450   2.886810
 202        "n-s+f"    2    7.179151   9.459516   9.187358
 203      "er-d+iy"    1    1.068367   1.920826   1.022861
 204        "n-s+t"    3   14.937449  14.978035  12.017454
 205      "w-ih+dh"    6   20.975851  27.108557  54.880123
 206      "w-ih+ng"    2    5.371929   8.849676   3.236801
 207        "n-t+l"    1    0.999837   0.999837   1.000076
 208        "n-t+m"    2    2.001395   2.127495   2.000253
 209        "n-t+r"    1    1.017088   0.999930   9.991932
 210        "n-t+s"    1    0.999778   0.999774   1.000160
 211      "ng-n+ah"    1    1.000341   3.998414   2.234998
 212      "ae-l+ey"    2    2.033324  14.401236  18.601734
 213       "m-ah+n"    8   13.986810  18.158276  65.719025
 214       "m-ah+s"    1    1.097767   2.488161  15.188666
 215       "k-ao+f"    1    4.634781   1.001610   6.088064
 216       "k-ao+l"    1    7.363169   7.241560   1.031552
 217       "k-ao+r"    1    2.008741   9.423964   3.395008
 218       "k-ao+z"    1    5.902966   0.999959  19.682953
 219       "l-er+d"    1    4.082433  13.056797   3.770506
 220      "ah-ng+k"    1    0.999843   1.995075   1.009319
 221       "l-er+z"    1    2.659481   4.237231   4.090208
 222       "g-l+ih"    1    1.103355   1.000747   1.000407
 223      "eh-v+ah"    1    3.923187   0.999921   1.083170
 224      "eh-v+er"    7   37.894047  16.917179  35.145584
 225      "iy-v+ih"    1    4.999655   1.002694   7.286406
 226      "aa-sh+t"    1    6.014279   7.995455   7.233895
 227       "r-uw+m"    2    1.999727   2.756010  36.109158
 228       "r-uw+v"    2    2.000013  17.859865  10.272902
 229       "k-t+ah"    1    1.006532   6.373542   3.844608
 230      "ow-m+ah"    1    1.894961   8.995320   1.033403
 231       "k-t+ih"    3    5.268796  20.836212  10.972393
 232      "ow-m+ih"    1    1.034511  10.865705   2.072468
 233         "m+ae"    3   23.159410   3.998976   4.000035
 234         "m+ah"    3   17.496885  13.555979   4.999494
 235         "m+ao"    3    9.995954  15.999035   7.009593
 236         "m+aw"    2   16.046648  10.775363   2.016266
 237         "m+ay"    4   17.719090  19.982855  11.010859
 238         "m+eh"    5   39.572983  26.995556   7.000799
 239         "m+er"    1    9.945971   7.110323   1.010669
 240         "m+ey"    3    8.997849  19.999079   2.999870
 241         "m+ih"    3   40.225555  22.804428   4.167434
 242         "m+iy"    2   11.051628  15.499022   2.061244
 243         "m+ow"    1    6.660900  12.995303   1.003021
 244      "ao-k+ih"    1    6.055914   7.862387   4.103973
 245         "m+uw"    1    2.080403   9.889000   1.332972
 246     "ah-th+ih"    3   29.106823  10.925859  13.999506
 247      "ah-p+ay"    2    7.960713   8.778940   8.265588
 248      "f-er+ih"    1    2.294628  19.691483   1.025949
 249       "p-eh+k"    3    7.952889  19.374098   8.664518
 250       "p-eh+r"    2    4.006981  16.578674  33.105217
 251       "p-eh+t"    2    5.463743  31.482777   2.039992
 252      "ah-p+oy"    1    5.173685   6.849367   3.975310
 253       "m-iy+n"    1    3.010174   1.107734  23.823975
 254       "m-iy+z"    1    1.000327   2.481593  14.751797
 255         "m-ay"    2    5.972181  20.280867  24.714636
 256       "aw-n+d"    8   34.966736  36.649868   9.908584
 257       "aw-n+t"    3    9.784145  15.810702   9.902618
 258         "m-iy"    2    4.528146  11.919761  43.015865
 259     "ey-ch+er"    1    5.996735   6.005069   5.994135
 260       "m-ao+r"    3   14.732043  39.280193  12.246291
 261       "n-er+s"    1    9.532227   6.297587   3.156333
 262       "l-ey+t"    1    5.110256   4.412302  11.764759
 263       "l-ey+z"    1    5.629425   2.827810   6.482376
 264       "k-aw+n"    1    5.891589   6.459993   4.685523
 265       "s-ih+d"    1    1.998475   1.256761   5.476926
 266       "s-ih+k"    1    1.543561   6.460853   6.672285
 267       "s-ih+p"    1    1.939020   1.241608  10.696557
 268       "s-ih+s"    1    1.788507   3.325653   6.884862
 269      "r-eh+zh"    1    1.000079   8.313859   3.699079
 270       "t-uw+p"    1    3.997056   0.999955   1.594773
 271      "m-er+iy"    3   11.945443  30.791197  12.987411
 272      "ih-t+er"    1    3.892160   0.999985   2.945176
 273      "ih-t+ih"    2    9.680595  13.351206   8.048622
 274      "ih-t+iy"    1    4.231082   3.991837   6.505344
 275      "hh-ih+m"    4    8.382996   7.820971  61.901497
 276      "hh-ih+r"    2    2.180147   2.313957  16.873924
 277      "hh-ih+z"   10   18.681692  17.188765 169.999283
 278       "f-y+uw"    4   11.131061  10.086466  29.927841
 279      "uw-d+ah"    1    2.433516   5.312779   2.925700
 280       "r-eh+d"    2    2.131366  13.152095   6.231733
 281       "r-eh+n"    1    1.006228   5.613307   1.178840
 282       "r-eh+s"    1    0.999871   0.999871   0.999871
 283       "s-k+ah"    1    0.999810   2.079440   4.959168
 284       "s-k+ay"    3    4.006608   5.999101  17.999918
 285       "s-k+uw"    1    1.001359   1.358219  12.387403
 286      "ae-d+ih"    1    5.723788   1.475830   1.082847
 287     "jh-er+ah"    1    3.345687  22.654583   3.048058
 288         "ch-t"    1    1.487341   3.152412   3.470006
 289      "eh-n+ah"    1    3.283304  10.996811   1.630972
 290      "eh-n+ch"    4   22.565567  17.418837  14.634920
 291      "eh-n+eh"    1    4.047820   3.007269   1.000376
 292      "eh-n+er"    1    1.563379   1.001217   1.000118
 293      "iy-n+ah"    2    7.522697   7.579410   2.004761
 294      "eh-n+iy"    3   11.496668  11.568360   3.933609
 295      "eh-n+jh"    2    7.581860  20.393499   3.492555
 296      "iy-n+ey"    1    2.009007   6.969007   1.147267
 297      "iy-n+ih"    1    3.011453   6.974477   1.011031
 298       "s-aa+f"    2    4.046344   8.081927  28.882395
 299       "s-aa+k"    1    1.978753   9.750520   7.457626
 300       "s-aa+l"    1    1.238852   2.729185   1.002453
 301       "p-er+p"    1    2.921654  15.571536   2.503913
 302       "p-er+s"    1    1.986715   6.933776   3.068425
 303       "n-ey+l"    1    2.691075   4.548223  14.502611
 304       "n-ey+m"    1    2.332896   7.653252  15.985754
 305       "k-l+ih"    1    2.122823   0.999958   1.000583
 306       "k-l+iy"    2   10.905535   3.559665   6.067068
 307       "m-aw+n"    2    6.204601   9.104081  22.325661
 308      "r-ey+sh"    1    1.000016   6.976251   3.022709
 309      "hh-aa+b"    1   14.304266   3.198647  11.073573
 310      "ae-sh+t"    1    5.079337   6.943331   8.927217
 311       "m-ay+l"    1    2.355139  20.022532   5.592014
 312       "m-ay+n"    1    2.007580  15.997923  15.489700
 313       "m-ay+t"    1    3.042323  12.959415  11.978885
 314      "er-m+ae"    1    1.418389   8.789877   1.390452
 315      "aa-m+iy"    1    4.085424   7.897957   1.006698
 316       "s-ae+n"    1    2.137748   3.073579  15.787911
 317       "s-ae+t"    1    1.132593   6.178084   8.772243
 318       "t-eh+n"    4    9.581774  16.051634  29.676706
 319       "t-eh+p"    2    6.484095  28.515432   2.002304
 320       "t-eh+r"    1    3.856869  11.802090   1.918933
 321       "t-eh+s"    1    3.022304  12.963841   1.107580
 322      "k-ao+sh"    2    5.923294  14.247620   8.553769
 323      "f-ay+er"    2    7.197949  17.826941  26.379250
 324      "aw-s+ah"    1    5.002239   7.922529   2.192103
 325         "th+r"    4   20.322882  10.768061  30.258823
 326         "th-s"    1    1.039968   7.620741   6.216221
 327     "ah-jh+er"    1    4.984175   2.286438   3.834885
 328      "hh-ae+d"    8   11.664814  36.220444 134.301086
 329      "hh-ae+p"    1    1.000189   2.175784   8.671881
 330      "hh-ae+v"    9   15.087722  39.190376 144.397141
 331      "hh-ae+z"    1    1.000406   4.181844  11.542243
 332       "s-ah+b"    2    2.048330   3.582826   8.962491
 333       "s-ah+d"    1    1.000515   2.020576   9.002137
 334       "s-ah+k"    1    1.958569   1.006188   1.343935
 335       "s-ah+m"    3    2.999507   7.495358  20.438997
 336       "s-ah+n"    1    1.011083   1.058698   1.005278
 337       "s-ah+p"    3    3.984171   4.016551  36.906723
 338       "s-ah+s"    1    1.024979   1.178365   8.794413
 339       "s-ah+z"    1    1.237005   1.591551  19.274532
 340      "v-ih+ng"    2    5.769820   5.283432   5.546208
 341         "v+eh"    1   12.040918   0.999909   5.568701
 342         "v+ey"    1   27.442455  16.570683   0.999977
 343         "v+ih"    1    5.031628   0.999876   7.018137
 344       "b-oy+l"    1    1.183991  10.811217  15.724508
 345      "ih-l+ih"    2   13.774523   7.198144   9.824780
 346      "ih-l+iy"    2   11.916638   5.500021   6.858012
 347         "v+oy"    2    2.136486   1.999510   3.083959
 348      "ao-t+er"    4   13.987827   7.418136   4.893715
 349       "w-ih+l"    5   16.574423  20.364916  15.271480
 350       "w-ih+m"    1    1.990387   3.928364   4.980042
 351       "w-ih+s"    2    2.952221   8.129504   5.966222
 352       "w-ih+z"    1    1.868338   1.659538   4.340900
 353      "hh-ah+m"    1    1.023771   1.941363   7.524840
 354        "zh-ah"    1    1.000846   1.009016  19.591530
 355        "zh-er"    1    2.380828  17.252560   5.377992
 356         "v-er"    5   24.996639  82.013123  42.193958
 357      "th-r+iy"    2   10.017057   6.234021   6.340215
 358      "th-r+ow"    2   11.588047   9.640429   2.007055
 359      "th-r+uw"    2    8.043882  12.564160   2.053867
 360       "v-eh+n"    2    9.078781  11.765681   8.105226
 361       "v-eh+r"    1    4.434172   1.004815  11.826471
 362      "eh-f+er"    1    5.723351  14.340007   5.943202
 363      "n-ow+ih"    3   19.897644  34.067551  27.029814
 364       "s-iy+k"    1    2.574938   4.926354   1.557034
 365       "s-iy+v"    1    2.292226   1.941774  15.851652
 366      "aa-ch+t"    1    9.016964   7.877765  10.941344
 367      "hh-iy+r"    3    8.905993  33.953629  36.863243
 368      "v-iy+ah"    1    1.091038   1.015686   0.999880
 369       "w-aa+n"    4    8.871530  14.917229  39.887672
 370       "w-aa+z"   22   52.950603  88.392136 228.848953
 371       "s-ao+r"    1    2.737786  15.462594   5.211404
 372       "s-ao+s"    1    2.771799   1.000194  10.742069
 373       "t-er+d"    6   26.031696  66.197395  26.204330
 374       "t-er+n"    4   15.396509  51.368893  29.420401
 375       "t-er+z"    1    5.629660  11.616748   6.665627
 376       "r-ey+n"    6   17.263067  28.978008  33.333511
 377       "r-ey+t"    1    2.515023   7.078176   9.483924
 378       "r-ey+z"    1    1.000247   7.002700  11.907864
 379       "y-ih+r"    1    0.999963   1.000060   0.999969
 380      "hh-ao+r"    2    4.048141  17.072632  13.308272
 381       "s-t+aa"    5    6.096197  16.841240  21.185497
 382       "s-t+ah"    6    7.056864  23.431849  27.505112
 383       "s-t+ao"    3    3.147807   5.851020  15.993953
 384       "s-t+eh"    3    3.000189  11.976037  10.982300
 385       "s-t+er"    2    1.999775   1.999781  14.013759
 386       "s-t+ih"    5   10.316823  19.191973  23.178442
 387       "l-y+ah"    2    2.034255   7.317219  18.066029
 388       "s-t+uw"    1    1.001974   1.006193   5.241757
 389        "ch+ae"    1    4.456055   6.045087   3.950284
 390        "ch+ah"    1    9.131983   4.010426   2.995436
 391        "ch+er"    2   25.985771  12.481000   9.845608
 392        "ch+ey"    1    4.999839   6.180038   7.736322
 393        "ch+iy"    1    1.008993   6.931074   6.067343
 394      "iy-w+ah"    2   11.529868   8.178675  11.807338
 395     "ey-sh+ah"    2    9.112297  17.367601   6.559655
 396      "iy-w+ey"    2    2.971777  16.131496  10.892248
 397        "ch-er"    4   20.992399  51.503670  36.565605
 398      "ow-n+ey"    1    1.010784  12.945189   1.252799
 399         "n+aa"   17   59.857124  89.724213  31.629047
 400         "n+ah"    3    7.001628   5.997242   2.999977
 401         "n+ao"    2    9.202040  13.796693   2.732864
 402         "n+aw"    1    1.883022   5.894831   1.131836
 403         "n+ay"    2    6.203383  25.246996   2.488345
 404       "f-ow+b"    1    2.998720   9.246506   7.360503
 405       "f-ow+k"    1   12.996214   0.999734   0.999708
 406       "f-ow+n"    2    5.044282  23.750605  31.795027
 407         "n+eh"    3   11.000713   8.164412   8.734706
 408         "n+er"    1    4.082580   1.997912   2.019712
 409         "n+ey"    2    7.226721   9.447009   3.302689
 410         "n+iy"    1    1.115476  10.000961   1.014115
 411      "ih-d+er"    1    3.381716   3.147865   2.850513
 412      "ih-d+ih"    1    2.988055   0.999947   1.952510
 413         "n+ow"   10   32.189472  48.630970  24.115944
 414       "w-ah+n"    8   19.901640  22.814137  66.326149
 415       "w-ah+t"    1    0.999794   1.000410  10.342479
 416         "n+uw"    3    9.522017  22.995626   9.652291
 417       "v-er+d"    1    5.581718  11.422891   5.851180
 418       "t-ey+k"    1    2.000504   1.086981  14.909490
 419       "s-aw+n"    2    6.829555   9.019865  20.897491
 420      "er-v+ay"    1    1.643879   0.999993   6.184020
 421         "n-ah"    1    1.270556   2.099884  18.610218
 422         "n-aw"    1    4.579076  11.538143   8.471409
 423         "n-er"    1    5.359107  16.473131   9.767894
 424         "n-iy"    3    4.237474   6.807447  46.909058
 425         "n-ow"    3   17.105213  49.205147  30.526072
 426         "n-uw"    2    2.519164   4.869175  66.131927
 427      "hh-aw+s"    1    1.752272   9.168446  12.740208
 428       "n-y+ah"    1    0.999913   1.000003   0.999907
 429       "s-ay+d"    4   15.988897  43.627724  42.185120
 430       "s-ay+l"    1    5.146594   9.193186   6.530195
 431       "s-ay+n"    1    3.420788  18.656919   8.558064
 432       "s-ay+t"    2    5.670247  24.143633  13.190693
 433      "n-ih+ng"    3    5.985133   5.996749   6.662434
 434       "b-r+ey"    1    3.005501   6.985238   1.040997
 435       "b-r+ih"    4   14.053658  13.944428   5.401647
 436       "b-r+ow"    1    2.024443   7.234297   1.002185
 437      "hh-ay+d"    1    2.022497   1.119463  14.016921
 438      "hh-ay+t"    1    1.999754   8.996242  19.006893
 439      "d-ih+ng"    3    5.431661   2.999590   3.000483
 440      "d-ih+sh"    2    4.369266   2.812733  18.284309
 441       "y-ah+m"    1    0.999960   0.999957   3.832095
 442       "y-ah+n"    3    3.564570   3.069463  11.996465
 443       "y-ah+p"    2    2.000220   1.999712   1.999712
 444       "w-ao+k"    5   10.952229  35.381557  35.302395
 445       "w-ao+r"    2    1.999633   8.825309   7.293463
 446       "w-ao+t"    3    5.538017   5.144406  12.562780
 447       "v-ey+g"    1    4.008821   0.999929   0.999929
 448       "s-l+aa"    1    4.987225   1.000658   0.999964
 449       "s-l+ay"    1    2.051173   2.638139   1.127173
 450       "s-l+ih"    2    1.999689   1.999689   1.999689
 451       "s-l+iy"    4   12.159261   7.889018   9.233623
 452       "s-l+ow"    1    2.388956   2.968350   1.003706
 453      "ng-g+er"    2    2.400877   2.017876   2.009389
 454       "ow-d+z"    1    3.836321   1.151960   1.014191
 455      "uw-th+p"    1    3.098207   2.757746   4.229882
 456      "l-ay+ah"    1    1.092715  11.024123   5.493238
 457       "d-r+ae"    1    4.149738  16.222242   3.655055
 458       "d-r+ah"    1    4.200314   1.000038   1.032372
 459         "f+aa"    1    5.717322   9.238487   2.422622
 460         "f+ao"    6   25.469343  61.955643  22.467930
 461         "f+aw"    2   12.563695   9.968194   4.932788
 462         "f+ay"    2   17.570986  20.183302   8.067584
 463         "f+eh"    1    3.082628  10.597323   4.972181
 464         "f+er"    2    6.992518  19.116640   6.152771
 465         "f+ey"    1    4.089522   9.391623   2.626076
 466         "f+ih"    5   28.028072  56.695778  15.163580
 467         "f+iy"    2    7.481442  20.281504   8.167005
 468      "ae-th+r"    2   19.041796   2.168548  17.808823
 469         "f+ow"    4   36.906784  38.640987  26.623056
 470         "f+uh"    1    6.154963  14.883224   3.918058
 471         "f+uw"    1    6.692963  14.028975   4.252271
 472      "d-iy+ah"    2    5.548936  10.209232   9.661912
 473      "ay-ah+n"    1    1.000181   1.000027  12.315793
 474      "er-n+eh"    1    1.000542   4.221310   1.003690
 475      "er-n+ih"    1    1.125126   6.021286   1.001344
 476      "uw-v+ih"    1    1.166574   1.042840   9.297142
 477       "y-ao+r"    3   15.439222  17.525402   7.987928
 478      "ae-v+ah"    1    5.522568   1.011444   2.146783
 479         "uh-d"   13   47.487988  37.678776  61.842133
 480         "uh-k"    2    8.698200  24.143602  11.755620
 481         "uh-l"    1    0.999863  27.765570   7.254530
 482         "uh-r"    1    1.005762   9.435899   6.997989
 483         "uh-t"    2    6.349991   6.021388   2.687879
 484       "w-ay+l"    1    2.045990  18.999083   1.001291
 485       "w-ay+n"    1    2.173637  15.107075   5.987611
 486       "w-ay+t"    3    8.063842  30.970556  27.427225
 487       "ow-l+d"    3   14.500092  31.879642   9.129810
 488       "f-r+ah"    2    4.089206   8.231424   2.001143
 489         "w+aa"   29  145.901749 205.515686 122.241600
 490       "ow-m+w"    1    3.842735   8.125858   1.138346
 491         "w+ah"    4   18.058144  27.354736  26.606409
 492         "w+ao"    8   36.231232  83.113571  32.678009
 493         "w+ay"    4   14.072752  30.960981  17.400787
 494      "k-er+ih"    1    2.329661   1.086078  21.221010
 495         "w+eh"   14   99.879265  68.604790  41.206924
 496         "w+er"   12   61.279995 113.731972  51.843704
 497         "w+ey"    3   19.795454  28.537722  11.276405
 498       "f-r+ih"    1    1.972658   0.999879   1.013761
 499       "f-r+iy"    1    2.042322   1.962265   1.014976
 500         "w+ih"   15   73.330124  62.151474  46.653191
 501         "w+iy"    6   49.831768  24.238392  14.023834
 502      "ih-m+ih"    1    3.037102   7.060009   0.999888
 503      "ih-m+ow"    1    5.785987   9.906754   1.031687
 504         "w+uh"    4   27.872393  27.536474   7.799848
 505       "ow-n+l"    3    5.788186   8.208835   3.806442
 506      "ey-z+er"    1    7.016979  12.706697   2.284918
 507         "w-ay"    1    1.381283  12.203172  10.130903
 508         "w-er"    8   36.999424 129.608963  57.350925
 509         "w-ey"    4   24.750095  43.406742  56.848141
 510       "l-ow+p"    1    3.998533  10.957687  12.038119
 511      "p-aw+er"    1    2.833919   5.181381  17.322023
 512         "w-iy"    6   28.541107  34.717442  88.895737
 513       "ow-p+s"    1    4.131846   4.876108   2.822626
 514      "iy-g+er"    1    7.775799   2.161849   6.633472
 515      "ay-t+ih"    1    5.022729   6.119333   2.874168
 516        "sh+aa"    1    5.192947  14.030859   5.591021
 517        "sh+ao"    1    6.999223  15.551635   3.612014
 518        "sh+eh"    2    9.410434  29.564356   7.660002
 519        "sh+iy"    7   21.084263  95.404823  20.966789
 520        "sh+uh"    3   26.882584  20.769333  23.083611
 521       "ow-s+t"    1    5.535993  17.200155   3.738675
 522          "b+l"    5   16.379993  26.671352  14.487715
 523          "b+r"    6   15.373631  46.368256  21.386578
 524          "b-d"    1    1.002484   2.915401   1.104168
 525      "er-f+ah"    1    3.948606   8.027328   2.440202
 526      "uw-n+aa"    1    3.135943   1.519390   1.023704
 527        "sh-iy"    7   11.638774  61.154831 104.636436
 528          "d+r"    2    6.214339  13.493792  10.097489
 529          "d-z"    3    8.328193  20.651888  13.749679
 530      "ae-n+ah"    2    5.576784   5.475412   2.889894
 531        "ow+sh"    1    7.977789   6.936587  13.072533
 532       "ow-v+z"    1    1.656526   0.999676  12.147566
 533       "n-ow+b"    4   19.492844  22.978165  27.057024
 534       "n-ow+z"    1    2.984284  10.463739   9.667564
 535          "f+l"    2    7.351944  21.880579   5.275449
 536          "f+r"    3   14.187037  38.312107  10.936253
 537          "f+y"    2   10.059674  30.280142   6.534845
 538          "f-t"    4   11.505658  14.506159  28.447300
 539          "g+r"    4   26.881067  15.481821  27.146189
 540          "g-z"    1    2.952586  27.895563   5.241003
 541      "t-ih+ng"    4    8.982244   6.943867  11.668786
 542         "uw-d"    1    4.777042   3.849816   2.096890
 543         "uw-l"    2    5.001066  55.280910  13.100851
 544         "uw-m"    2    4.601369  21.833031  17.880877
 545         "uw-n"    2    2.922221  24.358389  17.282991
 546         "uw-v"    1    1.001124   0.999901  21.149006
 547         "uw-z"    1    6.202804   4.525805   8.045124
 548      "m-th+ih"    1    3.339976   1.955942  11.026603
 549      "ah-r+eh"    1    0.999882   1.044129   0.999871
 550          "k+l"    2    2.000409   2.732338  12.842176
 551          "k+r"    6   10.930539  41.315258  55.245262
 552          "k+w"    2    2.064637  13.724164  12.171705
 553          "k-s"    6   18.043856  67.879761  42.385857
 554          "k-t"    9   19.583881  56.401768  14.926558
 555       "p-ow+l"    1    1.999745  35.328316   1.201293
 556      "ay-l+ah"    1    7.960598   2.314288   1.804959
 557          "l-d"    6   11.929696  12.102269  35.734932
 558          "l-f"    1    2.831706   5.895277   5.034422
 559          "l-p"    1    3.223340   9.656207   1.101267
 560          "l-t"    1    2.104762   1.009043   3.806488
 561          "l-z"    7   22.407906  71.821777  40.204071
 562      "ay-l+ih"    1    5.065086   7.288918   2.873143
 563       "b-s+ah"    1    8.471484   7.544823   2.985574
 564          "m-z"    2    7.579993  12.523492  12.519040
 565      "iy-ey+t"    1    0.999985   1.319990  12.082428
 566       "p-oy+n"    1    0.999892   4.882325   6.462654
 567          "n-d"   26   34.181637  63.708881  60.874508
 568          "n-s"   10   49.519569 160.570999  59.180595
 569          "n-t"   16   41.433151  93.995216  54.818989
 570          "n-z"    8   23.511635  51.885075  43.122082
 571      "ih-v+ih"    1    5.088190   0.999924   2.923349
 572      "ih-v+iy"    1    5.401557   0.999878   1.007704
 573     "ih-jh+ah"    1    5.062620   2.962700   3.940835
 574      "r-ay+ih"    1    1.410814  12.519480   7.118670
 575          "p+r"    9   26.273722  74.533531  37.829647
 576          "p-s"    1    2.432539   4.828089  11.742357
 577          "p-t"    4    8.131290  17.920870  22.638634
 578         "eh+f"    1    6.999441  11.962855   1.032287
 579         "eh+n"    9   61.993862  33.516865  45.406242
 580         "eh+v"    7   32.631336  41.339535  37.284508
 581         "eh-d"    6   16.965130  18.571106  33.453720
 582         "eh-l"    2    8.762856  24.692781   7.342031
 583         "eh-m"    3   13.102268  41.700455  39.195950
 584         "eh-n"   10   43.062496  71.396538  72.449188
 585         "eh-r"   11   64.403419 108.337921  77.995323
 586         "eh-s"    3   17.703516  29.907585  12.773735
 587         "eh-t"    7   32.736969  59.997864  28.049112
 588         "eh-z"    1    4.005994   8.951724   5.421880
 589        "m-p+l"    1    1.012243   0.999912   2.998835
 590        "m-p+r"    2    4.116550   8.908229  11.525891
 591      "iy-p+ah"    8   40.671700  61.975399  29.022417
 592          "r-d"    4   10.416639   7.451225  11.153781
 593          "r-k"    2    6.904529  20.301987   2.031344
 594          "r-m"    1    1.929659   2.056909   5.279518
 595          "r-s"    1    4.911138   3.949778   7.544240
 596          "r-t"    1    4.222300   6.856196   1.069723
 597          "r-z"    5   29.244129 103.089569  53.181293
 598      "dh-eh+m"    3   11.629529  13.818049   6.006693
 599      "dh-eh+r"    7   16.229227  27.076530 103.629288
 600      "eh-p+th"    1    5.015743   6.010373   4.024034
 601       "r-ow+d"    3   21.058765  35.493225  17.092255
 602        "ih-dh"    6   79.751060  10.040065  11.766567
 603       "r-ow+k"    1    1.001937  18.029261   3.693049
 604       "r-ow+l"    1    5.270075   1.003037   0.999949
 605       "r-ow+m"    1    3.478820  11.521497   7.316497
 606       "r-ow+v"    1    1.004507   1.000562   8.998235
 607        "ih-jh"    5   30.776623  30.795603  90.773895
 608        "ih-ng"   43  395.321869 385.905609 326.166962
 609          "s+k"    4   15.980000  31.958620  16.132063
 610          "s+l"    6   25.823250  56.650471  28.209768
 611          "s+n"    1    3.662022   3.493745   9.562248
 612          "s+p"    6   27.569183  47.005550  25.579433
 613          "s+t"   15   77.764786  86.232010  52.674080
 614          "s+w"    1    4.008000  14.159873   4.497871
 615          "s-k"    1    0.999876   1.520661   1.000215
 616          "s-t"   18   36.916607  74.712425  95.905731
 617        "ih-sh"    2    8.853296  64.613968   2.984778
 618      "th-ah+n"    2    2.344694  11.095371  14.923059
 619       "k-n+ih"    1    2.739527   2.041542   1.837679
 620       "f-b+ao"    1    2.027654   6.890672   2.107812
 621         "g+aa"    4   23.953163  10.941488  16.120895
 622          "t+r"   11   23.463896  70.371346 102.983887
 623          "t+s"    1    3.322917   2.994456   2.004845
 624          "t+w"    1    7.063068   7.936148   3.435122
 625         "g+er"    1    5.030277   1.939021   2.235928
 626         "g+ey"    2   23.159224   5.198416   4.596864
 627          "t-s"   10   34.765903 145.027649  46.565372
 628         "g+ih"    2   12.734772   6.150718   2.060794
 629         "g+ow"    8   83.276688  30.444979  31.277510
 630         "g+uh"    2   30.386164   5.736513   6.100322
 631          "sil"  200  3091.294434 9723.726562 1019.545227
 632       "g-uh+d"    2    8.974171  14.196491  10.001932
 633       "b-ih+f"    1    0.999936   0.999936   0.999936
 634       "b-ih+k"    1    2.008719   1.486518   3.483774
 635       "b-ih+l"    2    2.057001   5.863954   6.894467
 636       "b-ih+n"    1    1.488588   1.003368  16.978409
 637         "g-er"    3    9.878267  44.801708  16.154720
 638       "b-ih+t"    1    1.849768   1.879646  11.444126
 639          "v-d"    4    8.447948  16.921068  25.942179
 640          "v-z"    2    7.320517  11.112275   9.985250
 641         "g-ow"    4   13.955353  47.635620  47.234978
 642      "ay-d+ih"    3   11.467340  13.674015   7.851635
 643      "ay-d+iy"    1    3.499833   6.332616   3.431859
 644        "iy-ah"    1    1.113878   3.767021  21.280685
 645        "iy-ch"    3   31.163733  24.290089  46.889221
 646        "iy-er"    1    4.608030  17.200472   6.510375
 647       "uw-v+d"    2    2.043199   2.000026   2.697354
 648       "t-ow+l"    2    6.029310  20.453852   2.002591
 649       "t-ow+n"    1    2.487663  17.742224  17.875116
 650          "z-d"    7    9.650284  13.632158  42.390659
 651      "th-ao+t"    2    9.637789  21.353527  23.288927
 652      "ih-n+ah"    2    5.803852   9.795792   2.961192
 653      "ih-n+er"    1    1.670891   9.321727   1.462987
 654      "ih-n+jh"    2    3.878610   7.259325   2.000167
 655       "b-aa+d"    4   14.462575  11.196651  19.500120
 656       "b-aa+r"    1    2.050260   1.418161   3.534778
 657       "b-aa+t"    1    2.014872   4.881720   6.328952
 658         "er-d"   13   33.753620  29.409382  90.827209
 659         "er-k"    2    6.270257  22.691710   9.829229
 660         "er-t"    1    3.099099   2.591367   0.999677
 661         "er-z"    3   21.671211  45.655628  19.972469
 662       "d-ih+d"    9   18.280495  18.725565 115.445625
 663       "d-ih+n"    1    2.010519   1.010583   9.506845
 664       "d-ih+s"    7   12.518703  13.990594  49.124817
 665       "d-ih+t"    1    2.061830   1.000719   3.773577
 666       "uw-z+d"    3   11.987633  14.141928  13.490451
 667       "uw-z+m"    1    3.994397   8.008740   5.302785
 668      "s-ih+ng"    4    7.015897   5.972024  14.799666
 669       "p-r+aa"    5   13.846646  22.749311  13.571911
 670       "p-r+ae"    2    5.327651   3.524875   2.006005
 671       "p-r+ah"    1    7.132945   1.001125   0.999953
 672       "p-r+ay"    2    7.083790  12.824773   2.088936
 673       "p-r+iy"    1    4.020588   1.000882   1.871072
 674     "ao-sh+ah"    2   13.016842  14.610566   8.396309
 675      "er-eh+k"    1    1.223348   8.464820   1.005517
 676      "er-eh+s"    1    1.427143   5.599689   5.204737
 677       "p-r+uw"    2    6.596795  14.597199   2.075228
 678       "b-ae+d"    1    2.285166   1.367288  16.696932
 679       "b-ae+g"    1    1.405697   3.781459   4.540906
 680       "b-ae+k"    4    9.919272  11.870986  53.506199
 681       "b-ae+l"    2    4.795744   4.449858  15.650849
 682       "b-ae+n"    1    1.548122   2.739634   7.931022
 683      "ah-b+ae"    1    3.000096   6.999226   2.975401
 684      "ah-b+ah"    2    7.067677   9.990980   4.926160
 685      "ah-b+aw"    2    4.939714  28.818218   6.119555
 686      "ey-b+ah"    1    2.524877   6.359402   3.700216
 687      "er-g+aa"    1    5.009808   3.271104   3.462788
 688      "b-iy+ah"    1    3.997135   8.046183   5.810404
 689      "b-iy+ch"    3    7.674356   4.163737  55.824089
 690         "ey+b"    1    5.986660   7.493197  11.934979
 691       "d-aa+g"    1    2.629614   6.697006   6.658204
 692       "d-aa+l"    1    3.959286   1.095398   0.999985
 693       "d-aa+r"    1    3.804807   7.039345   7.515924
 694         "ey+t"    1   13.052414  13.847266  17.152489
 695       "b-ah+b"    1    1.003680   1.002454   5.998601
 696       "b-ah+l"    3    3.054960   2.999607   3.990325
 697       "b-ah+s"    2    2.087117   3.283099  35.466270
 698       "b-ah+t"   10   13.812288  21.888708 149.769043
 699         "ey-d"    1    3.651420   4.162768   1.532795
 700         "ey-g"    1    5.382612   1.122194   0.999946
 701         "ey-k"    1    5.006657   1.000565   2.000785
 702         "ey-m"    2    4.036396  14.782756  13.016874
 703         "ey-n"    3    9.060530  25.489643  18.548359
 704      "sh-aa+r"    1    4.359109   4.931480   1.856030
 705         "ey-t"    3   14.987053  28.386986   5.243555
 706         "ey-v"    3   15.293705   2.999742  14.013504
 707         "ey-z"    3   19.226728  18.980694  17.100830
 708      "b-iy+ih"    1    2.571084   1.019191  21.198290
 709       "v-oy+s"    2   21.812590   6.075239  57.785938
 710         "ng-k"    1    5.929893  11.421993   1.096550
 711         "ng-z"    2    9.966663  18.236650   8.155510
 712       "k-uh+d"    5   17.042356  58.753319  26.188757
 713       "k-uh+k"    1    4.449720  11.316111   1.001719
 714      "jh-uw+n"    1    8.922546  20.949192   2.176481
 715       "f-ih+g"    1    3.766450   1.166353  11.079713
 716       "f-ih+n"    1    2.724975   7.586649   4.374740
 717       "f-ih+r"    1    2.097880   2.314505  14.814194
 718       "k-w+ah"    1    2.019747   1.003555   2.689256
 719       "k-w+ay"    3    7.014762   7.358637  16.114397
 720      "ow-p+ah"    1    5.582241   6.010275   3.002069
 721      "t-uw+th"    1    2.970127   1.160657  15.765406
 722       "k-w+er"    1    6.805524   1.253766   9.533765
 723       "d-ae+n"    1    2.018675   3.759065   7.141150
 724         "p+aa"    1    1.364239  11.926633   3.038251
 725         "p+ae"    3    8.430334  20.526924   8.990008
 726         "p+ao"    3   11.356627  20.649218  12.007323
 727         "p+aw"    1    2.477760   6.181181   2.218237
 728         "p+ay"    2    7.434220  20.216797   6.251667
 729         "p+eh"    3   17.358425  32.115662   9.004412
 730         "p+er"    2    7.834252  15.660530   8.692398
 731      "ih-f+ao"    1    5.165851   7.146575   4.687224
 732         "p+ih"    4   20.081459  34.013386  10.932747
 733         "p+iy"    9   21.842808  68.796066  28.928473
 734      "ih-f+ih"    1    5.403533   9.364697   2.231620
 735         "p+ow"    1    1.011085  11.012315   3.999491
 736         "p+uh"    2    5.999468  16.507433  10.653674
 737         "p+uw"    1    1.096672   7.098691   3.999650
 738      "ah-s+ao"    1    4.961331   9.981068   3.760912
 739      "ah-s+ay"    1    4.486883  11.520750   3.006060
 740        "ae+ng"    1    8.945874   3.310181  11.191069
 741         "p-aa"    1    3.235353   1.477853  21.941805
 742         "p-ay"    1    2.000170  16.151258   9.896016
 743         "p-er"    1    4.647710  15.356009   4.466271
 744       "f-aa+g"    1    2.634908   9.008990  12.826919
 745       "d-ah+b"    1    1.215374   1.724944   1.974735
 746       "d-ah+k"    1    1.197850   3.845586  10.002802
 747       "d-ah+l"    1    2.373541   1.206158   1.071331
 748       "d-ah+m"    1    2.252436   1.088274   2.275838
 749       "d-ah+n"    6   10.065840  12.838890  46.008049
 750       "d-ah+z"    2    2.468808   4.602782  21.447287
 751       "b-ao+r"    1    1.998462  18.762638   2.234339
 752      "sh-ah+n"    8   19.036777  15.790783  29.753666
 753      "sh-ah+s"    2    2.011433   2.026352  10.857373
 754      "z-iy+er"    1    3.010654   2.587879  10.589580
 755        "p-s+t"    1    3.409534   4.308407   2.978990
 756        "ae-ch"    1    5.567870   7.060751   7.226299
 757        "ae-sh"    2    9.941867  19.176041   9.774453
 758       "t-r+ae"    5   16.259285   5.431884   6.756805
 759       "t-r+ay"    1    2.990809   1.003375   1.000477
 760       "t-r+eh"    1    2.980539   0.999970   1.000321
 761       "t-r+ey"    1    2.006612   0.999930   1.000175
 762       "t-r+iy"    5   14.824113   5.403851  11.109516
 763      "p-er+ih"    2    4.891789  23.102598   2.010148
 764      "p-er+iy"    2    3.865326  19.764715   6.552688
 765       "m-w+ah"    2    5.305494  15.661190  10.169149
 766       "m-w+er"    1    1.090921   7.197072   4.439290
 767      "jh-eh+l"    1    2.240422   1.000219   7.535253
 768      "jh-eh+n"    2    4.665423   2.265717   8.686275
 769      "n-ey+ch"    1    3.049824   6.778083   6.190487
 770       "g-eh+n"    2    1.999801   1.999763  37.396652
 771       "g-eh+t"    1    1.090374   0.999927   6.705946
 772      "n-ey+jh"    1    2.880167   2.532889  15.464304
 773       "d-iy+p"    2    5.954172   2.431852  12.168837
 774      "zh-ah+n"    1    1.000830   1.007261   3.609921
 775       "ay-l+z"    2   10.978601  10.251604   7.860282
 776       "s-n+ae"    1    1.507649   6.792603   1.152730
 777      "ae-g+ih"    1   10.446357   4.246262   1.000010
 778       "ay-m+z"    1    4.531129   6.515477   1.429537
 779       "f-ah+d"    1    1.805218   1.103053   4.643391
 780       "f-ah+l"    1    1.265170   1.199755   1.002258
 781       "d-ao+g"    2   12.137465  12.262316  21.631594
 782       "d-ao+t"    1    5.145210   9.333613   5.566384
 783       "n-b+ow"    2    1.999926   7.709491   5.673086
 784      "sh-ao+r"    1    7.139091   3.819267   3.488545
 785       "ay-n+d"    1    6.593088  14.567427   1.074077
 786       "b-aw+t"    2    7.311263  31.949942  16.102299
 787      "w-er+th"    1    2.832233   9.400426   7.216437
 788       "k-uw+l"    1    3.172979   1.122095   1.273980
 789        "s-f+y"    1    1.137722   7.911326   4.789854
 790      "ao-f+ih"    1    5.520493  10.372684   2.948869
 791      "b-ae+th"    2    4.672076   4.307457  23.701029
 792       "v-r+iy"    3   10.333212   2.999895   5.311651
 793      "ah-k+ey"    1    6.187356   6.058977   5.777818
 794      "ey-k+ah"    1    4.097631   2.901786   5.277111
 795      "er-p+ah"    1    3.997076   9.003280   4.461365
 796       "ey-d+z"    1    2.979048   4.197035   2.787596
 797       "f-iy+d"    1    2.000451   9.029624   2.860046
 798       "f-iy+t"    1    1.974838   3.228019  25.622469
 799       "n-s+ah"    1    4.060873   4.572500   2.686269
 800       "n-s+ih"    3   11.830025  18.001274   9.890295
 801       "ay-t+s"    2    9.046188  11.944554   2.908890
 802       "n-s+iy"    2   10.339874  15.921307   6.778435
 803       "ay-t+t"    1    5.986235   3.888985   0.999864
 804      "jh-er+l"    2    9.776588   4.377838   9.530720
 805       "f-ao+r"    7   17.715528  75.246902  29.457855
 806       "g-er+l"    2    5.424999  18.146996   3.642198
 807       "b-l+ah"    4    9.066154  16.533205   4.000400
 808       "b-l+er"    1    1.844810   3.228248   4.774670
 809       "b-l+ih"    2    8.400951   6.585698  15.727434
 810       "b-l+iy"    2    2.188582   2.183295  10.384740
 811       "d-aw+n"    1    8.229658   3.982001  10.804205
 812       "l-ih+k"    1    1.043820   4.295639   1.810660
 813       "l-ih+p"    3    9.318797   8.722146  14.864900
 814       "l-ih+r"    1    1.012443   5.468666  15.890448
 815       "l-ih+s"    1    1.025543   5.483149   5.488024
 816       "l-ih+t"    1    1.009766   2.979995   5.005311
 817       "l-ih+v"    1   10.101196   5.610325   1.206427
 818       "m-uw+v"    2    2.750384   6.910161  33.908409
 819      "ch-ey+n"    1    1.083140   9.325578  21.012516
 820         "y+ao"    3    7.998716  18.016323  11.570387
 821       "f-t+er"    2    2.087877   6.939827  16.090891
 822         "y+eh"    4   12.000112  28.620689  19.330496
 823         "y+ih"    1    4.999678   8.118048   2.963961
 824       "d-ay+l"    1    5.884851  11.743149   4.305042
 825       "d-ay+n"    2   15.814797   8.905256  18.807178
 826         "y+uw"   13   48.460335 134.335602  96.982468
 827       "s-f+er"    1    4.513175   2.550877   3.027304
 828       "k-eh+p"    1    3.039564  11.382870   1.002300
 829        "s-p+l"    1    1.053028   4.985777   4.001113
 830         "y-uw"   13   41.242775 117.347366  97.833473
 831       "ey-l+z"    1    9.940228  11.961278   1.036367
 832       "ay-z+d"    2    9.018843   5.553552   9.420481
 833       "ao-k+t"    3   12.177391  21.672022   7.338115
 834       "l-aa+r"    1    1.001892   1.974322  11.870100
 835       "l-aa+t"    3    5.971436   9.857187  40.316498
 836       "ao-l+d"    1    1.000552  19.173042   2.879925
 837       "ao-l+w"    1    1.001096   2.498819   2.154725
 838      "ae-ng+g"    1    0.999932   1.001386   1.000140
 839      "ae-ng+k"    1    5.027292   8.504840   7.041791
 840       "g-ey+v"    2    2.037395   1.999756  52.698460
 841       "ey-n+b"    2    4.603661  22.240263   2.008694
 842       "ey-n+s"    1    2.090684   5.021076   1.077482
 843       "ey-n+z"    1    3.209780   7.992193   1.049132
 844       "d-l+iy"    2    7.730371   2.000386   7.004668
 845       "f-aw+n"    2    5.765668  11.238538  12.863256
 846       "n-ih+k"    1    1.046418   1.960304   7.204034
 847       "n-ih+t"    1    1.000130   1.007836   1.509323
 848      "g-ow+ih"    2    8.145350  11.174100   2.000587
 849        "s-t+r"    1    0.999819   2.764172  12.206416
 850        "s-t+s"    1    1.000725   4.513895   2.164940
 851      "w-ay+er"    1    1.863235   9.138524   3.482237
 852      "uw-p+er"    1    4.809624   6.873559   4.115873
 853      "uw-p+ih"    1    4.407515   0.999938   3.230974
 854       "l-ae+g"    1    1.018637   3.025910  11.958237
 855       "l-ae+t"    1    1.002217   4.104668  13.875300
 856       "s-w+ih"    1    6.332126   0.999814   0.999778
 857      "ae-p+ah"    1    5.036137   8.953844   5.000085
 858      "ae-p+ch"    1    5.098958   5.018538   1.002144
 859       "m-eh+m"    3    9.007236   6.000729  25.300493
 860       "m-eh+n"    1    3.005642   1.000100  11.993439
 861       "m-eh+t"    1    3.007487  19.566948   1.421482
 862       "n-k+aw"    1    2.860776   1.011629   5.089612
 863      "iy-z+ah"    1    2.155999   0.999905   1.000856
 864      "iy-z+er"    1    7.505099   6.606790   3.487506
 865       "ae-b+d"    1    5.121595   0.999853   0.999853
 866      "iy-z+iy"    1    8.004664   1.345214   1.162187
 867       "ao-r+d"    4   13.139088  20.381275  24.160551
 868       "ao-r+k"    2    2.391283   7.912400   5.771922
 869       "ao-r+m"    1    1.017324  15.736685   2.208018
 870       "ao-r+n"    3    8.154513   9.017579  12.258872
 871       "ao-r+s"    1    1.223022   4.579021   2.600062
 872       "ao-r+t"    1    0.999872   0.999871   0.999872
 873       "ao-r+z"    1    1.096754   6.701680   4.821081
 874      "t-aw+er"    1    4.003590  10.968117  14.021068
 875       "n-aa+m"    1    3.215587   1.560482   6.459417
 876       "n-aa+t"   17   45.486450  78.173904 163.690720
 877       "l-ah+d"    3    4.098326   6.910648  41.987392
 878       "l-ah+k"    1    1.908179   1.054388   1.885496
 879       "l-ah+m"    1    0.999860   0.999870   1.002411
 880       "l-ah+n"    1    1.872157   2.075679   6.505688
 881       "l-ah+v"    2    2.480140   3.810056   1.999966
 882       "ao-s+p"    1    7.098592   4.768607   5.209311
 883       "ao-s+t"    3   14.408348  40.553860   9.873990
 884       "f-l+ae"    2    6.285189   5.940540   7.909046
 885       "ae-d+v"    3   10.998770   6.998981  14.925895
 886      "ah-t+eh"    2    9.516436  24.463913   6.014062
 887      "ah-t+er"    1    4.231040   0.999938   1.000106
 888       "p-ih+d"    1    2.155859   3.477020   2.134410
 889       "p-ih+g"    2    4.050399   5.096692  14.346748
 890       "p-ih+k"    2    3.980232   8.971333  14.654208
 891       "p-ih+r"    1    1.910422   1.003623   9.605241
 892       "p-ih+t"    1    2.775877   1.491668   5.510657
 893      "ey-t+ah"    1    3.518776   0.999886   0.999893
 894      "ey-t+er"    1    4.793732   3.950842   5.032219
 895      "ey-t+ih"    3   10.566010   8.998972   6.583874
 896     "sh-ih+ng"    2    2.383791   2.477760  10.559731
 897      "v-er+ih"    1    5.105291   9.817280   2.337511
 898      "v-er+iy"    2    9.119678   4.653042   2.603328
 899       "ae-f+r"    1    4.796295  10.775377   2.058253
 900       "ae-f+t"    2   10.849689   9.201343  11.825611
 901       "n-ae+p"    1    1.241316   2.678270  16.119408
 902       "iy-k+r"    1    5.934105   4.999751   7.034178
 903       "l-iy+n"    1    4.027471   2.198931   5.790499
 904       "l-iy+p"    1    3.002314   1.059216   1.942729
 905       "l-iy+s"    1    1.622761   3.654818  10.340601
 906       "l-iy+v"    2    8.135594   4.094642  30.035963
 907      "ay-n+ah"    2    9.338045   4.600024   2.335238
 908       "ey-z+d"    2   10.393855   3.006121   5.978112
 909       "p-aa+r"    1    1.999618   1.016895  11.126222
 910       "n-ah+f"    1    1.747833   3.388633  19.023867
 911       "n-ah+l"    2    2.910930   2.824755   3.630496
 912       "n-ah+m"    1    1.019944   1.075973   1.039011
 913       "t-s+uw"    1    2.996103   8.931582   2.068717
 914       "n-ah+s"    2    2.293869   2.893342  18.749823
 915       "n-ah+t"    3    7.053334   8.047413  20.130842
 916       "l-ao+r"    1    4.047684   1.089680  10.833206
 917       "l-ao+s"    3   14.179256   3.801247  47.200550
 918       "m-er+d"    1    8.010672  11.853509   1.184976
 919       "k-ey+d"    1    2.165227  11.820739  10.222247
 920       "k-ey+m"    1    2.156706   1.110463  28.098984
 921       "k-ey+t"    1    2.386944   7.198532  13.018129
 922      "g-ih+jh"    1    2.362085   1.681366  14.486097
 923       "w-uh+d"    4   10.358960  41.561501  26.253326
 924       "ae-k+s"    1    4.005496   1.976426   3.847824
 925       "ae-k+t"    3   13.015017   5.584985   5.297312
 926       "ae-k+w"    1    5.017612   7.508588   3.667799
 927       "r-ih+k"    1    0.999848   2.023541   1.005238
 928       "r-ih+l"    1    1.000372   3.005273   2.410426
 929       "s-uw+n"    2    6.709917  27.202477  10.484758
 930       "s-uw+p"    1    3.568162   0.999779   1.230115
 931       "iy-p+w"    1    4.993698   9.208791   1.721292
 932     "ih-sh+ah"    2   13.611115   8.208078  12.058356
 933     "ih-sh+er"    1    6.632457   6.782459   4.282675
 934     "ih-sh+ih"    1    5.868835  11.010101   1.824561
 935      "eh-r+ah"    2    8.029008  32.778034   2.085868
 936      "eh-r+ih"    1    1.000973  15.208416   1.019388
 937      "eh-r+iy"    1    5.466126   6.690580   1.552584
 938        "aw-er"    2   17.025009  26.865183   7.664474
 939       "p-ae+k"    1    1.988319   3.727418  15.473570
 940       "p-ae+n"    2    3.008831   5.153758  18.537708
 941       "p-ae+s"    2    3.850162   7.745366  23.424866
 942       "ae-n+d"    3   15.347282  34.616165   7.814328
 943       "ae-n+g"    1   13.102566  15.861581   1.007013
 944       "ae-n+s"    3   13.613341   7.765736   5.134105
 945       "ae-n+t"    3   14.132776  20.311646   8.857538
 946       "ae-n+y"    1    4.522934   7.472272   1.002733
 947        "aw-th"    1    7.864594   1.039701   6.692208
 948       "r-k+ih"    1    3.910783   4.122707   5.940650
 949       "n-iy+d"    1    2.856294   1.117139  18.011452
 950       "n-iy+w"    2    1.999701   1.999818   1.999863
 951       "iy-s+t"    2   10.792736   9.105809   4.838740
 952         "ow+n"    3   34.856720  12.991179   3.999358
 953         "ow+p"    1    5.141211   9.532532   2.844071
 954         "ow-d"    2    7.740072   2.003276  11.228109
 955         "ow-k"    1    3.834866   1.234351   1.000308
 956         "ow-l"    2    2.000058  13.127253  11.531884
 957         "ow-n"    2    2.044051  44.211388  13.442025
 958         "ow-p"    2    9.566188  15.427428   6.572907
 959         "ow-z"    1   11.050064  33.966995   5.859234
 960        "ey+zh"    1    4.032820   3.376173  19.585369
 961       "iy-t+s"    1    3.485758   6.920130   4.112483
 962      "ah-l+ay"    2    5.001094  18.706091   2.078540
 963      "ah-l+er"    1    1.012547  16.983156   4.096484
 964       "r-aa+b"    2    1.999793   2.022625   3.985529
 965       "r-aa+d"    1    1.000442   1.082872   8.270036
 966       "r-aa+k"    2    6.690805   8.064451  17.762251
 967       "r-aa+s"    2    1.999923   2.030924   4.787284
 968       "p-ah+g"    1    1.157503   1.969884   9.925213
 969       "p-ah+l"    7    8.899456   9.465731   9.506727
 970       "p-ah+n"    3    2.999839   4.172695  37.756371
 971       "p-ah+s"    2    3.087673   3.536844  29.977934
 972       "n-ao+r"    2   10.808797  23.880037   4.181848
 973      "ah-l+ih"    1    1.001805   1.000093   2.999296
 974      "ah-l+iy"    2    4.648444  14.614249   8.014905
 975      "ey-l+iy"    1    4.329616   0.999997   1.025780
 976     "th-ih+ng"    6   13.968892  22.802448  46.489063
 977       "m-ey+d"    1    3.569050   5.437142  14.012630
 978       "m-ey+k"    1    4.078186   5.726038   1.193423
 979       "m-ey+t"    1    2.033838   6.867313  13.055696
 980       "m-ey+z"    2    7.091741   6.348716  36.390095
 981        "ey-jh"    1    4.094593   5.302865   6.619179
 982       "l-aw+d"    1    1.669630   4.827250  14.303038
 983         "oy-l"    1    5.161367   1.792537   7.329388
 984         "oy-s"    2   10.065974  17.298841  12.835314
 985         "oy-z"    2    9.343740  14.644658   9.359075
 986       "iy-v+d"    1    3.316856   0.999865   2.878272
 987       "t-ih+d"    5    8.365354   9.875001  52.363277
 988       "t-ih+k"    3    6.561664   5.878482  15.480844
 989       "t-ih+l"    3    7.387423   7.393638  29.338522
 990       "t-ih+s"    2    4.031428   3.348742   9.616300
 991       "t-ih+v"    1    2.992487   2.764599   7.976087
 992      "ih-ng+b"    1    1.000625   9.490498   3.319840
 993      "ih-ng+k"    2    5.111565  12.688216  11.239118
 994      "ih-ng+l"    1    2.159394   1.033352   1.580485
 995      "ih-ng+n"    1    1.260245   9.046586   1.003028
 996      "ih-ng+z"    2    6.050082  20.649347  13.682386
 997       "ae-s+k"    1    4.993309   9.976871   3.079136
 998       "ae-s+t"    1    5.075487   5.728003   3.041245
 999       "n-t+ah"    7   11.356954  21.902777  36.738514
1000       "n-t+eh"    1    1.008131   2.991233   4.519413
1001       "n-t+er"    4    7.597883   9.527534  21.044542
1002       "n-t+ih"    3    5.862191   7.670940  17.607534
1003       "g-y+ah"    1    1.955740   0.999963   0.999961
1004       "l-ay+d"    2    2.935292  16.453657  14.649812
1005       "l-ay+f"    4   12.567116  58.758923  35.416676
1006       "ae-t+s"    1    3.993804   0.999872   1.004710
1007       "l-ay+k"    4   20.873650  33.524223  27.219139
1008       "l-ay+t"    2    4.080702  22.963474  18.925701
1009       "l-ay+v"    1    2.630306  21.430275  18.352589
1010       "l-ay+z"    1    4.361746  13.015071   8.070186
1011       "n-t+uw"    7   13.433168  18.925179  45.716476
1012       "g-y+er"    1    4.093763   0.999954   0.999954
1013     "er-ih+jh"    1    1.953918   2.082747   1.004657
1014       "r-ae+b"    1    1.000081   1.775436  18.703426
1015       "r-ae+d"    1    1.000463   2.837530   7.728154
1016     "er-ih+ng"    3    6.912925   9.135608  13.837188
1017       "r-ae+k"    2    2.000152  11.035368   2.924674
1018       "r-ae+n"    2    1.999895   2.194919  10.290360
1019       "r-ae+p"    1    0.999963   3.500325   5.409752
1020       "r-ae+v"    1    0.999843   1.142893   3.907431
1021      "y-uw+zh"    1    0.999955   1.276516   3.892214
1022       "s-eh+d"    1    2.080414   1.000040  21.919163
1023       "s-eh+l"    3    9.883101  23.912380   9.430793
1024       "s-eh+n"    2    5.817728  19.299099   2.428151
1025       "s-eh+p"    1    2.052250   4.996109   1.000889
1026       "s-eh+s"    2    5.417174  29.720510   7.433195
1027       "s-eh+t"    1    2.017464  10.023500   2.963201
1028       "s-eh+z"    1    2.118149   1.007053  26.874165
1029       "p-iy+d"    1    2.054615   1.167865  14.820544
1030       "p-iy+n"    2    3.015881  12.040944   9.972954
1031       "p-iy+p"    7   17.066811  20.153456  32.071819
1032       "m-p+ae"    1    1.000415   3.215008   3.010759
1033     "uw-zh+ah"    1   17.060558   4.745672   3.103421
1034      "n-er+ey"    1    6.579810  12.072934   1.064396
1035      "ih-p+er"    2   10.249818  13.746401   6.812905
1036      "hh-eh+d"    3    5.346636  44.113720  14.777224
1037      "hh-eh+l"    1    2.019336   6.719056   0.999773
1038      "hh-eh+r"    1    1.000007   1.001050   1.000157
1039       "ng-g+r"    1    1.001144   0.999926   1.000108
1040       "ah-b+l"    3   10.988265  14.997467   5.966729
1041       "ah-b+s"    1    2.987104   0.999854   1.005675
1042       "t-aa+p"    1    2.036806   9.828596   9.147690
1043       "t-aa+r"    4   11.790449  19.957914  52.347378
1044       "r-ah+l"    1    1.000035   1.003620   1.034169
1045       "r-ah+m"    4   15.831352   7.405867  15.578761
1046       "r-ah+n"    3    4.468102   4.388618   6.706748
1047       "r-ah+s"    1    1.003686   1.000360  12.952137
1048       "r-ah+t"    1    0.999955   1.000309  12.695735
1049       "p-ao+r"    3   14.973770  22.967823  11.097871
1050      "ng-b+er"    1    1.042979   4.076017   3.988254
1051         "z-er"    2    8.575274  46.796631  14.216064
1052      "m-ow+sh"    2    9.108236   2.500531   9.449982
1053      "s-aw+th"    1    3.408400   5.064580  10.523221
1054       "ah-d+l"    2   10.418927  12.461170   6.160944
1055      "d-er+eh"    2   26.367071  11.926751   2.839281
1056       "er-f+b"    1    2.889985   8.549441   3.369017
1057       "v-ih+n"    1    4.169520   2.924405   0.999935
1058       "v-ih+z"    1    3.067624   1.932995   7.995424
1059       "p-t+ah"    1    1.000546   6.002502   4.690695
1060       "n-ay+t"    2    7.601314  21.400328  21.549084
1061       "ng-k+s"    1    0.999826   0.999780   0.999782
1062       "r-iy+d"    3    8.282060  18.242815  12.746617
1063       "r-iy+k"    1    1.477728   5.221837   3.398257
1064       "r-iy+m"    3    6.304851  12.447074  19.788195
1065       "r-iy+s"    1    1.032664   2.527996   9.712816
1066       "r-iy+t"    1    1.139912   3.375794  31.035719
1067       "r-iy+w"    2    3.736413   4.680389   2.017385
1068       "r-iy+z"    5   10.007945  25.669149  74.392349
1069       "n-jh+d"    1    1.019739   8.613279   4.938288
1070      "ah-d+ah"    2    8.981536  13.683006   5.711665
1071      "ah-d+ay"    1    3.769596   5.230253   3.001180
1072      "ah-d+ey"    1    4.104444   4.910549   2.210881
1073     "ch-uw+ah"    1    1.996787   0.999888   0.999888
1074        "hh+aa"    1    2.490405   2.815815   1.040971
1075        "hh+ae"   19  118.500496  96.178322  34.082264
1076        "hh+ah"    1    2.575829   7.295348   1.023308
1077        "hh+ao"    2    9.832156  16.154917   5.388851
1078        "hh+aw"    2    4.032607  23.637960   5.537762
1079        "hh+ay"    3   18.505709  31.101381   7.276077
1080     "ow-sh+ah"    3   24.402060  25.595280  10.895431
1081        "hh+eh"    4   14.366109  26.703100   7.601079
1082        "hh+er"    7   20.036247  35.426777  69.637970
1083        "hh+ih"   14   41.732212  37.691299  56.820152
1084        "hh+iy"   44  119.139877 117.928062 208.704193
1085        "hh+ow"    3   12.210644  21.441729   8.412092
1086       "er-k+s"    1    2.971681   3.720929   1.397210
1087        "hh+uw"    4   12.936342  10.306012  22.851200
1088       "t-ah+b"    1    1.278716   2.035500   2.915727
1089       "t-ah+d"    5    8.799637   6.725740  57.220352
1090       "t-ah+f"    1    1.089468   2.557225  20.696486
1091       "t-ah+l"    3    4.998766   4.999869   3.024098
1092       "t-ah+m"    3    5.758341   4.940238  16.862417
1093       "t-ah+n"    7   14.547397  20.136543  45.640427
1094       "t-ah+r"    1    1.985906   1.068606   0.999872
1095       "t-ah+s"    2    2.005958   2.004355  26.155674
1096       "t-ah+w"    1    1.015655   1.002030   0.999869
1097       "r-ao+s"    1    1.000839   2.957349  15.925569
1098      "n-ah+jh"    1    1.000026   1.001062  10.975753
1099       "s-er+f"    1    7.370634  10.904824   2.162416
1100      "ao-ng+g"    2    1.999580  10.238752   8.730496
1101       "s-er+k"    1    7.269645   7.681035   3.544520
1102       "s-er+p"    2   13.763433   7.039499   7.014018
1103       "s-er+v"    1    5.054018  13.983895   6.489279
1104       "oy-n+t"    1    7.653306   4.960358   3.038307
1105      "n-ah+th"    3    7.005001   7.416176  23.468107
1106       "er-l+d"    1    7.230433   7.939444   1.520742
1107       "er-l+z"    1    1.042947  10.161186   1.994722
1108       "n-l+eh"    1    1.133029   2.999732   1.120817
1109       "n-l+iy"    3    3.247397  10.936856   8.013124
1110        "hh-aw"    1    1.009336  11.145134  17.981386
1111        "hh-ay"    1    1.000423  20.219015  23.773001
1112        "hh-er"    5   20.615437 115.792648  26.982655
1113       "ah-k+r"    1    3.986713   1.145402  15.195598
1114       "ah-k+t"    1    2.005499   1.005716   0.999785
1115       "ah-k+w"    2    9.921926  19.697340   7.040249
1116        "hh-iy"   41  108.183472 378.278137 797.681458
1117        "hh-uw"    4   12.368500  74.100906  52.753319
1118       "y-uw+z"    4    7.996324  17.252115  16.758722
1119      "f-ih+sh"    4    9.999136  12.228727  33.513836
1120      "hh-er+d"    2   10.342610  18.232769   6.079873
1121       "ah-l+d"    1    1.098976  13.344226   2.463891
1122       "ah-l+m"    1    0.999806   8.053507   3.450025
1123       "ah-l+z"    3   15.374758  50.991978   7.062205
1124       "r-t+ah"    1    6.157938   1.524170   6.058946
1125       "er-n+d"    1    1.967471  10.998853   1.056036
1126       "er-n+z"    2    3.939595  22.300482   4.257984
1127       "k-y+ah"    2   10.277147   2.549985   4.477048
1128       "p-ay+l"    1    4.506760   4.250315   7.569002
1129       "p-ay+n"    3   10.755313  41.245850  24.663353
1130       "ah-m+w"    2    7.266359  17.027836   2.450989
1131       "ah-m+y"    1    3.888156  13.003196   1.001506
1132       "ah-m+z"    1    2.989822   6.977996   1.025732
1133         "r+aa"    1    3.229586   0.999950   6.932152
1134         "r+ae"    2   19.160149  13.904718   2.304066
1135         "r+ah"    1    4.123411   3.739465   3.171321
1136         "r+ay"    4   12.418416  20.868412  24.329872
1137         "r+eh"    2   12.850780  19.118225   2.232311
1138         "r+ey"    6   27.774137  55.007164  13.938387
1139         "r+ih"    1   11.492807   7.883125   1.109508
1140         "r+iy"    3   16.150297  15.989837   9.043896
1141      "w-aa+ch"    1    0.999965   1.071226  11.001084
1142         "r+ow"    5   17.202690  19.904371  25.412121
1143       "w-eh+l"    1    2.241350  10.939659   1.000003
1144       "w-eh+n"   11   42.188126 104.033302  84.677956
1145       "w-eh+r"    1    4.212776   1.744750   1.000498
1146       "w-eh+s"    1    1.076794  15.741025   1.061853
1147       "ah-n+d"   24  109.006020 188.711136  59.058167
1148       "ah-n+f"    1    7.409124   1.269665   1.872176
1149       "ah-n+l"    1   10.939349   1.215537   1.029045
1150       "ah-n+n"    1    4.018919  10.563936   1.000645
1151       "ah-n+s"   10   46.180695  87.586662  32.572697
1152       "ah-n+t"   17   68.315918 163.795120  68.686043
1153       "ah-n+z"    5   21.964109  46.784698   8.923287
1154       "er-p+r"    2    8.783783  17.194241   8.212747
1155      "w-aa+sh"    2    2.034310   3.032900  13.074553
1156       "t-iy+n"    1    3.233020   1.016773   7.182811
1157      "aa-z+ah"    1    8.406143   7.887323   2.196556
1158     "iy-th+ih"    1    6.886167   2.480701   5.594047
1159         "r-iy"    5   13.485629  32.701027  66.744614
1160         "r-jh"    1    2.691053   5.392040  10.767151
1161       "l-d+ih"    1    1.289586   7.196038   4.062698
1162        "l-v+d"    1    1.000203   1.000361   1.001572
1163         "r-ow"    4   21.581312  48.438145  37.129326
1164       "ah-p+l"    1    6.187150  11.032095   3.302945
1165      "m-ih+ng"    4    6.017130   8.010310   8.670011
1166       "v-ah+l"    2    2.407768   2.271660   1.999839
1167       "t-ao+r"    3   14.009560  31.490999  26.443321
1168       "p-l+ah"    1    2.000630   0.999920   1.000857
1169       "p-l+ao"    1    2.442665   1.004367   1.505994
1170       "p-l+ay"    1   10.214643   7.320739   1.000154
1171       "er-s+p"    1    4.996013   3.986878   4.739563
1172       "er-s+t"    1    4.782919   2.373225   2.660993
1173      "k-ch+uw"    1    1.027610   1.928498  10.134312
1174       "z-ih+t"    1    2.804780   1.109245   4.996194
1175       "ah-s+l"    3   16.110937  15.873855  16.875465
1176       "ah-s+p"    1    4.998397   5.995720   3.652970
1177       "ah-s+t"    6   30.089140  31.138428  37.129906
1178       "t-t+ay"    1    0.999912   8.111914   3.896737
1179       "r-ay+m"    2    2.817923  27.775436  16.791027
1180       "r-ay+t"    3   19.141569  32.297199  23.038933
1181       "r-ay+z"    2    3.834744  20.434488  14.430732
1182       "eh-f+t"    2   11.389761   9.936107  13.053372
1183       "ah-t+s"    2   10.654261   2.003924   4.961524
1184       "m-y+uw"    1    1.015550   2.734415   9.218178
1185       "y-eh+s"    2    2.016773   2.026320  14.937989
1186       "y-eh+t"    2    3.391567  28.518103   2.009629
1187       "s-p+aa"    1    1.350541   3.891519   2.319888
1188       "s-p+ae"    1    1.030606   4.940144   3.018032
1189       "s-p+ah"    2    2.001448   7.938111   6.002220
1190       "s-p+ay"    1    0.999925   6.994778   2.999689
1191       "s-p+eh"    4    6.723379  24.907190  11.969662
1192       "s-p+er"    2    2.249210   3.971997  10.015836
1193       "s-p+ih"    2    2.033581  13.406795   3.956324
1194       "s-p+iy"    1    0.999944   7.977383   3.014281
1195       "ah-v+z"    1    0.999971   9.631378   9.324547
1196      "ng-k+ah"    1    1.543203   1.053942   7.011112
1197      "ng-k+ih"    1    1.496413   1.644540   4.010804
1198       "n-d+ah"    4    4.957623   4.871234  10.110858
1199       "n-d+er"   10   14.613732  14.610135  29.114408
1200        "ng-er"    1    5.952665  22.048344   5.020483
1201       "n-d+ih"    1    1.000646   1.382618   1.612771
1202       "n-d+iy"    1    0.999912   1.000036   1.000582
1203       "g-ow+l"    1    1.076931  19.002880   1.859489
1204       "g-ow+s"    1   22.915581   0.999855   1.000038
1205       "w-er+d"    1    3.647128  17.538074   3.913308
1206       "w-er+k"    3   15.800285  28.635212  13.907015
1207       "w-er+l"    1    3.435872   2.520994   1.214666
1208       "r-l+ih"    1    1.299708   9.717637   6.664886
1209       "t-aw+n"    1    4.120847  10.916398   9.787342
1210      "jh-oy+z"    2    2.019177   8.198225  43.801403
1211     "ow-ih+ng"    5   21.374443  20.600971  15.728084
1212       "eh-k+s"    1    5.950315   0.999782   1.022351
1213       "eh-k+t"    3   10.998450  15.653032   7.332479
1214       "d-v+ay"    1    1.317410   1.001717   7.001042
1215       "d-v+eh"    2   12.079121   1.999573   9.987852
1216       "eh-l+f"    1    1.070928  16.494835   2.451010
1217       "eh-l+p"    1    1.004267  13.192311   2.177029
1218       "eh-l+t"    1    6.109040  16.133163   1.825107
1219      "ah-m+aa"    1    3.853186   1.000125   4.410342
1220      "ah-m+ae"    1    3.756221   3.906774   2.011323
1221      "ah-m+ah"    1    2.223115   3.950505   2.996620
1222      "ah-m+ay"    1    3.885700   8.004752   1.003033
1223       "t-ay+m"    3   11.390529  47.711266  26.029902
1224      "ah-m+ey"    2    6.381814  21.887922   2.039976
1225      "ah-m+ih"    2    8.006166  11.428745   2.003659
1226      "ah-m+iy"    1    3.829787  14.641344   2.237449
1227      "ah-m+ow"    1    3.085885   6.911878   1.006750
1228      "ah-m+th"    1    4.004110   4.928763   1.671857
1229      "aa-r+jh"    1    1.107562   1.028172   3.019116
1230      "aa-r+ow"    1    1.001194  15.332047   1.000133
1231       "eh-n+d"    3   11.564137  27.701136   6.326084
1232       "eh-n+s"    4   17.836510  28.002266  12.056900
1233       "eh-n+t"    8   30.698175  54.245358  25.419966
1234       "eh-p+t"    4   20.772097  15.855881   6.306654
1235       "z-ah+l"    1    3.362686   1.020825   1.134319
1236       "z-ah+n"    1    2.668500   1.664344  10.566047
1237       "y-er+d"    1    1.451895  28.697052   2.814046
1238       "w-ey+t"    2   10.916121  11.025191  13.547657
1239       "w-ey+v"    1    5.248232   6.585403  18.166710
1240       "w-ey+z"    1    7.973241  13.409613   2.629999
1241       "t-l+iy"    1    1.038620   1.002731   1.511312
1242       "ih-d+z"    1    1.005201   0.999670   0.999670
1243       "eh-r+d"    1    1.472764   9.654950   2.634074
1244       "eh-s+t"    7   39.678806  19.282871  25.425835
1245       "v-ay+v"    1    5.178145  14.526512   8.668520
1246       "v-ay+z"    1    4.146861  12.015383   4.834680
1247     "ah-hh+eh"    1    1.771094   9.847557   1.000755
1248       "l-m+ah"    1    1.086636   5.363212   1.009032
1249     "aa-sh+ih"    1    6.026363   9.786005   2.980993
1250       "ih-g+l"    1    9.508435   2.970658   7.375078
1251       "ih-g+y"    1    6.273653   7.618077   1.000618
1252      "eh-k+ey"    1    4.200981   7.816009   6.813943
1253      "iy-k+ah"    1    5.291061   2.404027   4.358637
1254       "eh-v+r"    3   14.600983   8.098662   9.192523
1255      "eh-k+sh"    1    2.854897   0.999901   1.006148
1256       "r-d+er"    1    2.533299   7.692348   3.814890
1257      "uh-g+er"    1    3.057380   3.393892   3.552938
1258      "ow-b+aa"    4   11.113440   8.938110  13.256445
1259      "ay-er+d"    1    1.013717  13.718959   2.323817
1260      "ow-b+iy"    1    1.042793   4.348649   2.007921
1261        "er+aw"    4   16.854303  59.773079   7.755723
1262         "b+aa"    2   15.519131  10.531959   5.075023
1263         "b+ae"   10   37.190151  72.933762  20.573345
1264         "b+ah"   12   61.117519  59.237171  24.175467
1265         "b+ay"    3   18.104038  21.937267   8.000860
1266         "b+eh"    2   20.192862  15.418700   4.754543
1267         "b+er"    2   12.964115  19.580896   5.995197
1268         "b+ih"    6   16.230392  40.970795  11.777306
1269         "b+iy"   13   29.103750  97.927879  31.257334
1270         "b+oy"    1    1.092549  11.002456   3.018871
1271      "l-ih+ng"    5    8.216867  16.024525  16.124432
1272       "ih-k+l"    1    6.073699   2.926965   6.725154
1273       "ih-k+n"    1    7.515115   2.859502   9.407478
1274       "ih-k+s"    7   28.048412  26.301510  44.532528
1275       "aa-b+l"    1    4.037045   5.961184   3.000038
1276        "er-ch"    2    6.202284  10.944515  15.880566
1277        "er-iy"    8   23.031878  71.361290 100.382332
1278         "b-ay"    3    9.854372  42.037476  49.276737
1279       "ih-l+d"    1    6.238614   7.802310   3.535585
1280       "ih-l+y"    2   15.173210   8.054881   9.003244
1281        "er-th"    2   16.435812  19.483526  10.971959
1282         "b-iy"   10   26.495270  68.935364 180.487473
1283         "b-ow"    2    3.770234  38.324955  26.908390
1284       "ih-m+p"    3   10.143865  19.246675  14.661262
1285       "ih-m+s"    1    3.999347   4.975787   1.011664
1286       "g-r+ae"    1    1.117386   1.213635   1.067277
1287       "ih-n+f"    1    3.981829   4.900714   7.622927
1288       "ih-n+g"    1    2.932486   5.942884   1.027081
1289       "ih-n+k"    3    9.711922  19.378378   5.999471
1290       "ih-n+s"    2    6.546006  10.025275   2.291373
1291       "ih-n+t"    7   29.363277  49.249691  15.557368
1292       "g-r+ey"    1    1.032798   1.177088   1.161420
1293       "g-r+iy"    3    7.281837  11.220757   7.672192
1294       "g-r+ow"    2    2.428159   6.418494   2.535633
1295       "aa-f+t"    2    9.748016  10.516882  13.078298
1296        "r-g+y"    1    5.284711   2.732477   1.027612
1297       "ih-p+s"    1    5.981970   0.999908   4.302536
1298       "ih-p+t"    1    7.070184   5.049977   1.669734
1299       "m-ow+m"    1    5.013472   5.859183   9.137966
1300       "aa-g+z"    1    0.999810  14.009666   0.999834
1301         "s+aa"    4   29.884789  51.346264  13.528069
1302         "s+ae"    2   14.287542  24.402586   5.941576
1303         "s+ah"    6   36.138496  52.631840  16.707359
1304         "s+ao"    5   28.703793  62.599453  17.007765
1305         "s+aw"    3   13.041456  38.936092  10.222786
1306         "s+ay"    4   16.761976  51.036140  13.456861
1307      "k-sh+ah"    1    2.489201  10.646813   2.947210
1308         "s+eh"    7   46.294846  80.891464  22.203674
1309         "s+er"    5   19.847404  45.010021  24.389711
1310         "s+ih"    3   15.967617  32.995014  11.997537
1311         "s+iy"    4   19.961161  50.517853  10.189180
1312         "s+ow"    5   25.844435  60.665852  17.896271
1313         "s+uw"    2    8.747337  24.151138   6.494540
1314      "iy-ah+l"    1    3.073886   1.003601   0.999931
1315      "iy-ah+n"    2    2.002921   2.001076  10.619917
1316      "iy-ah+s"    1    1.658894   1.307920  18.876143
1317      "iy-ah+z"    1    1.067234   1.115919  16.026163
1318      "ah-v+er"    1    1.002446   8.936712  10.988791
1319      "ey-v+er"    1    6.622516   0.999852   2.069522
1320        "ah+dh"    3   22.126307   8.659739  44.780304
1321       "ih-r+z"    1    1.129498  16.801090   3.967619
1322        "ah+hh"    1    2.344712   3.569350   6.350393
1323         "s-ao"    4   14.577922  65.587379  82.818352
1324         "s-iy"    4    9.668255  10.320654  89.015610
1325         "s-ow"    5   32.416874 103.250381  40.901699
1326       "ih-s+k"    1    5.423953   6.001817   4.526360
1327       "ih-s+p"    3   14.279678  18.712938  12.719143
1328       "ih-s+t"    4   19.027014  33.006454  14.121569
1329        "r-k+t"    1    4.020060   9.974211   3.921904
1330        "r-k+y"    2    7.072208   7.050695  12.492899
1331      "k-ow+hh"    2    5.210301  15.671443   2.071127
1332       "ih-t+s"    1    5.552268   0.999986   2.242400
1333       "aa-k+s"    1    4.134458   4.024479   1.881410
1334        "ah-jh"    1    5.616464   5.871662  18.062523
1335      "b-er+th"    1    2.100930  16.301624  10.599199
1336       "aa-l+v"    1    0.999863  19.058399   1.010978
1337       "aa-m+p"    1    3.969041   5.935203   3.048426
1338      "s-er+iy"    1    3.974252   8.916943   1.010073
1339       "aa-n+d"    2   10.698089  19.988169   2.009566
1340       "aa-n+f"    1    2.394182   4.347978   4.213601
1341       "aa-n+s"    1    6.111267   1.589394   1.190872
1342       "aa-n+t"    4   17.221935  38.636467  10.111118
1343      "aa-b+ah"    1    3.917269   5.024816   2.051048
1344      "ih-z+ih"    1    4.010584   4.679098   2.401239
1345      "aa-b+iy"    1    4.050847   7.947535   1.999213
1346      "ng-l+iy"    1    9.472171   1.000047   5.158474
1347      "sh-uh+d"    2   24.829279   2.002428   6.208357
1348      "sh-uh+g"    1    7.411787   1.472780   2.024701
1349         "ih+f"    4   21.136171   6.863305  45.997135
1350         "ih+k"    4   14.989210   7.007656  15.995516
1351         "ih+m"    4   15.615066  14.562080  25.571571
1352         "ih+n"   32  109.617752  81.051781 391.596344
1353         "ih+t"   14   43.717384  24.640606 189.133347
1354         "ih+z"   11   39.928932  19.077860 187.988983
1355         "ih-d"   14   53.354439  62.819485  68.284706
1356         "ih-f"    3   15.495340  18.537653  10.557397
1357         "ih-g"    1    1.979133   3.020530   1.000032
1358         "ih-k"    3   14.767878  49.953060  34.036449
1359       "ih-z+d"    1    4.976250   3.141790   8.875139
1360         "ih-l"    6   34.149323  59.413193  35.104927
1361         "ih-m"    3   24.014231  22.702122  35.474197
1362         "ih-n"   20   84.187508 212.976379  92.184196
1363         "ih-r"    2    7.465496  23.344574  15.225861
1364         "ih-t"   16   85.443367 127.165092  32.576694
1365         "ih-v"    2   10.994863   1.999717  14.390750
1366         "ih-z"   21  106.271255 159.125946 133.020706
1367      "eh-t+iy"    1    4.419691   9.577419   4.995425
1368        "ay-er"    2   13.804061  25.908789  15.499060
1369       "aa-r+g"    1    1.006985   5.846516   3.933383
1370       "aa-r+k"    4   15.241498  24.126690  14.024693
1371       "aa-r+l"    1    2.066755   2.309447   1.119484
1372       "aa-r+t"    1    1.003926   3.184747   2.994803
1373       "aa-r+z"    3    6.895135  21.879793  13.049641
1374       "k-r+aa"    1    2.563437   2.619494   1.000349
1375       "k-r+ae"    1    2.891304   1.966290   1.000152
1376       "k-r+ah"    1    6.028400   3.906145   1.338531
1377       "k-r+ao"    1    5.366165   2.835537   1.001649
1378       "k-r+ay"    1    2.140628   1.163536   1.000248
1379      "ow-k+ah"    1    4.408776   7.171390   8.446962
1380       "k-r+eh"    1    2.846971   2.813977   1.380061
1381       "k-r+iy"    4   10.443791  11.879748   9.228377
1382         "k+aa"    4   14.736192  25.112579  29.469288
1383         "k+ae"    7   20.011154  45.258064  42.838848
1384         "k+ah"    8   19.902332  41.430191  38.838985
1385         "k+ao"    5   16.573164  35.658180  40.939579
1386         "k+eh"    1    5.021891  10.990576   5.890538
1387         "k+er"    1    1.182740   2.835482   3.677266
1388         "k+ey"    1    1.959059  17.050898   7.845437
1389         "k+ih"    1    1.382510   6.600818   7.169520
1390      "b-ah+jh"    1    1.003003   1.007800  13.448401
1391         "k+ow"    2    2.985929  22.430910  18.694736
1392         "k+uh"    6   36.738884  43.931385  49.444134
1393      "ah-n+ah"    1    1.530288   5.440076   1.026691
1394     "ay-ih+ng"    1    0.999766   1.003483   1.044694
1395      "ah-n+iy"    1    4.634729   4.156429   1.000936
1396      "ah-n+jh"    1    5.365828   6.915678   1.020063
1397      "aa-s+ah"    2    8.679224  25.298908   5.675393
1398      "ey-n+jh"    2    4.076126  18.118946   3.423179
1399      "aa-s+eh"    2   12.075890  18.683233   4.848836
1400      "er-s+er"    1    7.626697   4.341645   3.134714
1401         "k-aa"    1    2.436712   7.424942   9.722116
1402         "k-ay"    3   18.778242  45.493999  54.878288
1403         "aa+n"   17   93.376190  44.014175 248.371902
1404         "aa+r"    6   28.909954  19.543674  89.445457
1405         "aa-g"    1    1.596803  10.589050   1.022656
1406         "aa-k"    1    4.951445  17.858902   1.001652
1407         "aa-l"    1    1.006064  35.933201   7.051036
1408         "aa-n"   15   68.287254 140.236588  68.586189
1409         "aa-p"    1    6.014239   5.999605   6.293190
1410         "aa-r"    6   21.137630  39.797840  34.524876
1411         "aa-t"   20  122.847153 140.804749  65.047417
1412         "aa-z"   21  105.302101 201.470749 125.395622
1413       "f-uh+l"    1    2.042331   1.022870   0.999839
1414      "k-ih+ng"    3    7.998884   3.165824  13.785299
1415       "t-m+ah"    2    3.842888   9.135190   2.028511
1416         "ae+d"    3   20.000065   7.993694  21.996313
1417         "ae+f"    3   10.734835   5.989360  29.402506
1418         "ae+k"    2    6.315552   2.707448  10.303272
1419         "ae+n"    2    7.997496   3.309338  21.426416
1420         "ae+t"    9   28.293240  30.276043 120.042824
1421         "ae+z"   12   75.742401  51.963696 203.245056
1422         "ae-d"    9   31.706860  26.176296  58.976204
1423         "ae-g"    1    4.129737   1.447731   0.999905
1424         "ae-k"    3   17.907825  35.898796   5.671153
1425         "ae-n"    7   28.791895  79.754608  31.565285
1426         "ae-p"    1    5.958480   1.022002   0.999492
1427         "ae-t"   23  119.531075 192.849197  75.469116
1428         "ae-v"    9   46.032795  32.255085  76.982819
1429         "ae-z"   13   65.905777 126.169853  77.850601
1430      "ih-r+ah"    2   10.871901  17.856371   4.670064
1431      "ih-r+iy"    1    6.343461   1.056167   5.499354
1432      "dh-ae+n"    2    7.912036  11.412786  32.310066
1433      "dh-ae+t"   13   64.957634  48.927734 185.981354
1434       "z-d+ah"    1    0.999977   4.611962   2.792978
1435       "p-th+s"    1    5.958354  13.987884   4.013204
1436     "er-ey+sh"    1    3.068321   9.772482   4.091663
1437      "ae-b+ah"    1    8.940559   2.063302   3.991888
1438      "r-ih+jh"    3    4.180757  11.720636  21.709631
1439      "r-ih+ng"    3    7.143440  11.482321  44.234428
1440      "th-er+d"    1    6.640800  10.408332   3.087457
1441         "ah+b"    4    7.896021  13.114135  21.195364
1442         "ah+g"    2    3.245221   5.442714   4.993622
1443         "ah+k"    2    4.224437   5.914364   5.886578
1444         "ah+l"    1    2.211944   1.999066   1.000843
1445         "ah+m"    2    3.069252   6.056098   1.999722
1446         "ah+n"   20   91.768326  76.203575 282.303925
1447         "ah+p"    7   22.863541  24.657091  85.527596
1448         "ah+s"    1    1.998051   3.989422  23.010822
1449         "ah+t"    2   14.081539   7.154342   2.896289
1450         "ah+v"   20   60.416142  55.958458  30.405199
1451         "ah+w"    2    2.117818   2.468580   5.414683
1452         "ah-d"    7   29.190634  43.112743  29.215412
1453         "ah-f"    2   12.102088  41.374153   4.347589
1454         "ah-l"   16   49.340591 296.305115 114.311790
1455         "ah-m"    4   16.009203  58.261517  18.018736
1456         "ah-n"   20   78.948647 208.970840 120.057259
1457         "ah-p"    8   51.564999 128.789627  13.261071
1458         "ah-s"    7   30.528721 101.569931  43.836777
1459         "ah-t"   12   60.598633 105.600891  24.332727
1460         "ah-v"   21   63.631107 280.663666 339.966064
1461         "ah-z"    4   18.883623  28.840181  23.550932
1462      "p-ch+er"    1    1.000601   6.946228   8.019094
1463      "hh-ow+m"    1    9.420180   2.740489   1.000020
1464      "hh-ow+p"    2    4.174353  23.020765  17.723190
1465      "eh-l+ow"    1    7.152866  13.133749   1.000048
1466        "dh+ae"   15   49.003132  53.156189  81.917519
1467      "eh-l+th"    1    3.789662   3.985362   3.395172
1468        "dh+ah"  103  285.840942 1313.351562 1327.694580
1469        "dh+eh"   10   67.736046 147.746460  25.856459
1470        "dh+ey"   10   51.637341 101.113846  42.603020
1471      "er-ih+t"    1    0.999876   1.415400   3.394091
1472      "sh-uw+z"    1    1.205293   1.003748  15.731620
1473        "dh-ah"  103  231.473068 173.562241 305.491058
1474        "dh-er"    3    7.003913  31.134657  24.032383
1475        "dh-ey"   10   21.198385 128.728439 130.666565
1476      "aa-k+ah"    1    4.995109   4.872900   4.009091
1477      "er-k+ah"    1    1.998982   5.992994   1.021029
1478         "iy+g"    1    2.126362   1.391742   9.482813
1479         "iy+t"    1    4.519710   1.721438   8.746432
1480         "iy+v"    1    4.006015   1.000779   9.996191
1481         "iy+z"    2    9.953161   2.018258  31.473042
1482       "b-eh+d"    1    2.079354  15.175063   2.984973
1483       "b-eh+r"    1    1.681804   0.999884   5.949296
1484         "iy-d"    2    6.113485  13.081326  12.133358
1485         "iy-m"    2    8.906697  18.235022  11.857285
1486         "iy-n"    1    1.317381  17.651392   7.025025
1487         "iy-p"    1    4.692774  13.002992   3.088444
1488         "iy-r"    3   18.544580  23.475687  54.239182
1489         "iy-t"    3   15.332485  16.248177   9.561028
1490         "iy-v"    2   19.592705   2.000243  14.531723
1491         "iy-z"    5   24.506697  44.062145  26.287424
1492      "r-iy+ah"    2    6.814744   7.890207   7.355228
1493      "ae-s+ah"    1    5.494102  10.841898   3.611934
1494      "r-iy+ey"    1    1.123639   3.198425  10.769613
1495      "r-iy+th"    1    1.037304   3.238790   1.028411
1496       "n-n+ow"    1    1.002952   4.411195   4.001600
1497         "ao+l"    9   55.378307  44.829735  58.466606
1498         "ao+r"    3    9.997703  30.354883  11.819542
1499         "ao-g"    2   22.801727   3.282407   1.999784
1500         "ao-k"    1    3.314527   8.561006   1.807858
1501         "ao-l"    8   26.396400 122.956497  52.960835
1502         "ao-r"   18   47.999767 133.363968 125.670227
1503         "ao-s"    1    5.753259   6.797472   3.947728
1504         "ao-t"    2    9.961242   8.140341   8.746834
1505         "ao-z"    1    6.989652   5.992368   3.992594
1506      "n-jh+ah"    1    1.065184   5.960283   4.957514
1507      "n-jh+er"    3    5.449542   5.496796  10.644573
1508      "n-jh+oy"    2    5.416360   6.337442   2.474047
